  0.532326E-01  -0.251067E-01   0.430085E-02   0.300058E+03
  0.532234E-01  -0.828019E-01   0.606683E-02   0.300189E+03
  0.532808E-01   0.940421E-02  -0.869905E-02   0.300350E+03
  0.532878E-01   0.302597E+00  -0.119539E-01   0.300482E+03
  0.531937E-01   0.551829E+00  -0.433450E-02   0.300517E+03
  0.530724E-01   0.654477E+00  -0.146166E-02   0.300488E+03
  0.529176E-01   0.637463E+00   0.707420E-03   0.300456E+03
  0.527396E-01   0.492917E+00   0.264926E-02   0.300472E+03
  0.525777E-01   0.238874E+00   0.365169E-02   0.300581E+03
  0.524941E-01  -0.467878E-01   0.290889E-02   0.300748E+03
  0.525021E-01  -0.260891E+00   0.115887E-02   0.300903E+03
  0.525304E-01  -0.371876E+00   0.920929E-04   0.301035E+03
  0.525161E-01  -0.428503E+00  -0.514983E-04   0.301149E+03
  0.524470E-01  -0.491851E+00   0.243564E-03   0.301262E+03
  0.523535E-01  -0.588359E+00   0.429503E-03   0.301395E+03
  0.522617E-01  -0.712497E+00   0.428050E-03   0.301559E+03
  0.521788E-01  -0.853992E+00   0.362353E-03   0.301761E+03
  0.521044E-01  -0.101003E+01   0.301626E-03   0.302009E+03
  0.520400E-01  -0.118263E+01   0.248212E-03   0.302317E+03
  0.519881E-01  -0.137468E+01   0.200928E-03   0.302701E+03
  0.519495E-01  -0.158926E+01   0.169318E-03   0.303182E+03
  0.519239E-01  -0.182948E+01   0.157604E-03   0.303789E+03
  0.519076E-01  -0.209765E+01   0.172053E-03   0.304553E+03
  0.518923E-01  -0.239637E+01   0.225352E-03   0.305519E+03
  0.518673E-01  -0.272807E+01   0.324580E-03   0.306735E+03
  0.518174E-01  -0.309542E+01   0.483886E-03   0.308272E+03
  0.517271E-01  -0.349903E+01   0.707875E-03   0.310204E+03
  0.515792E-01  -0.393939E+01   0.100527E-02   0.312625E+03
  0.513572E-01  -0.441190E+01   0.136677E-02   0.315635E+03
  0.510493E-01  -0.490100E+01   0.174319E-02   0.319325E+03
  0.506486E-01  -0.538112E+01   0.192686E-02   0.323774E+03
  0.501571E-01  -0.579472E+01   0.125602E-02   0.328995E+03
  0.495815E-01  -0.604859E+01  -0.160012E-02   0.334870E+03
  0.489315E-01  -0.603656E+01  -0.825419E-02   0.341081E+03
  0.482115E-01  -0.571767E+01  -0.179798E-01   0.347210E+03
  0.471573E-01  -0.515992E+01  -0.268015E-01   0.354948E+03
  0.457931E-01  -0.458606E+01  -0.300170E-01   0.364332E+03
  0.440579E-01  -0.432263E+01  -0.243203E-01   0.376305E+03
  0.410990E-01  -0.512905E+01   0.273813E-01   0.399140E+03
  0.339533E-01  -0.130718E+02   0.673071E+00   0.470646E+03
  0.532074E-01  -0.427247E-01   0.172397E-01   0.300204E+03
  0.531393E-01  -0.110280E+00   0.156540E-01   0.300661E+03
  0.531224E-01   0.190438E+00  -0.474010E-01   0.301224E+03
  0.530711E-01   0.983256E+00  -0.605806E-01   0.301684E+03
  0.529640E-01   0.170553E+01  -0.258627E-01   0.301807E+03
  0.528575E-01   0.203899E+01  -0.767127E-02   0.301706E+03
  0.527186E-01   0.199482E+01   0.544165E-02   0.301593E+03
  0.525350E-01   0.154449E+01   0.155220E-01   0.301650E+03
  0.523269E-01   0.742683E+00   0.197524E-01   0.302030E+03
  0.521718E-01  -0.175274E+00   0.155229E-01   0.302613E+03
  0.521130E-01  -0.888458E+00   0.696652E-02   0.303154E+03
  0.520848E-01  -0.128497E+01   0.157037E-02   0.303612E+03
  0.520227E-01  -0.150385E+01   0.527605E-03   0.304006E+03
  0.519066E-01  -0.173579E+01   0.163535E-02   0.304399E+03
  0.517587E-01  -0.207051E+01   0.245412E-02   0.304860E+03
  0.516001E-01  -0.249596E+01   0.253197E-02   0.305427E+03
  0.514354E-01  -0.298074E+01   0.234029E-02   0.306124E+03
  0.512611E-01  -0.351512E+01   0.218062E-02   0.306979E+03
  0.510739E-01  -0.410482E+01   0.208351E-02   0.308037E+03
  0.508703E-01  -0.475849E+01   0.204683E-02   0.309353E+03
  0.506441E-01  -0.548526E+01   0.210586E-02   0.310999E+03
  0.503861E-01  -0.629362E+01   0.227461E-02   0.313063E+03
  0.500832E-01  -0.718893E+01   0.257753E-02   0.315650E+03
  0.497159E-01  -0.817620E+01   0.306612E-02   0.318896E+03
  0.492632E-01  -0.925845E+01   0.376850E-02   0.322952E+03
  0.486978E-01  -0.104377E+02   0.472942E-02   0.328023E+03
  0.479967E-01  -0.117064E+02   0.595488E-02   0.334318E+03
  0.471381E-01  -0.130547E+02   0.741752E-02   0.342083E+03
  0.461098E-01  -0.144543E+02   0.893990E-02   0.351560E+03
  0.449145E-01  -0.158454E+02   0.100523E-01   0.362946E+03
  0.435767E-01  -0.171299E+02   0.938147E-02   0.376321E+03
  0.421433E-01  -0.181285E+02   0.344446E-02   0.391553E+03
  0.406765E-01  -0.185953E+02  -0.161447E-01   0.408163E+03
  0.392526E-01  -0.182879E+02  -0.548418E-01   0.425142E+03
  0.379241E-01  -0.171816E+02  -0.108134E+00   0.441318E+03
  0.365854E-01  -0.155764E+02  -0.153280E+00   0.457409E+03
  0.351801E-01  -0.141216E+02  -0.160438E+00   0.474137E+03
  0.334845E-01  -0.137462E+02  -0.922966E-01   0.495094E+03
  0.307404E-01  -0.164362E+02   0.233012E+00   0.533797E+03
  0.251256E-01  -0.305845E+02   0.234261E+01   0.637864E+03
  0.531674E-01  -0.326926E-02   0.284212E-01   0.300423E+03
  0.530118E-01   0.435499E-01   0.774836E-02   0.301368E+03
  0.528863E-01   0.604762E+00  -0.147088E+00   0.302530E+03
  0.527499E-01   0.185041E+01  -0.177775E+00   0.303479E+03
  0.526241E-01   0.303750E+01  -0.852562E-01   0.303732E+03
  0.525397E-01   0.363826E+01  -0.240606E-01   0.303525E+03
  0.524245E-01   0.357147E+01   0.205708E-01   0.303292E+03
  0.522330E-01   0.276273E+01   0.521538E-01   0.303410E+03
  0.519577E-01   0.129972E+01   0.636058E-01   0.304195E+03
  0.516993E-01  -0.412451E+00   0.500322E-01   0.305393E+03
  0.515447E-01  -0.179722E+01   0.247627E-01   0.306504E+03
  0.514361E-01  -0.262707E+01   0.817553E-02   0.307445E+03
  0.513066E-01  -0.312352E+01   0.404268E-02   0.308251E+03
  0.511249E-01  -0.362683E+01   0.638801E-02   0.309056E+03
  0.509013E-01  -0.431269E+01   0.853149E-02   0.309998E+03
  0.506507E-01  -0.517125E+01   0.891574E-02   0.311155E+03
  0.503746E-01  -0.614827E+01   0.859951E-02   0.312573E+03
  0.500658E-01  -0.722451E+01   0.838602E-02   0.314311E+03
  0.497156E-01  -0.840896E+01   0.841176E-02   0.316456E+03
  0.493146E-01  -0.971634E+01   0.867870E-02   0.319116E+03
  0.488494E-01  -0.111617E+02   0.926053E-02   0.322429E+03
  0.483036E-01  -0.127580E+02   0.101742E-01   0.326564E+03
  0.476579E-01  -0.145104E+02   0.114575E-01   0.331717E+03
  0.468875E-01  -0.164218E+02   0.132112E-01   0.338137E+03
  0.459703E-01  -0.184884E+02   0.154626E-01   0.346091E+03
  0.448789E-01  -0.207070E+02   0.182305E-01   0.355942E+03
  0.436005E-01  -0.230492E+02   0.213555E-01   0.368033E+03
  0.421316E-01  -0.254777E+02   0.244857E-01   0.382739E+03
  0.404866E-01  -0.279223E+02   0.266859E-01   0.400393E+03
  0.386959E-01  -0.302726E+02   0.259842E-01   0.421274E+03
  0.368249E-01  -0.323291E+02   0.175422E-01   0.445313E+03
  0.349470E-01  -0.337970E+02  -0.116946E-01   0.472154E+03
  0.331492E-01  -0.342878E+02  -0.855042E-01   0.500781E+03
  0.315107E-01  -0.334933E+02  -0.213130E+00   0.529474E+03
  0.300785E-01  -0.314815E+02  -0.376832E+00   0.556243E+03
  0.287902E-01  -0.288644E+02  -0.503661E+00   0.581028E+03
  0.275456E-01  -0.267566E+02  -0.494880E+00   0.605339E+03
  0.260908E-01  -0.266769E+02  -0.219686E+00   0.635326E+03
  0.238480E-01  -0.313661E+02   0.715665E+00   0.688332E+03
  0.199191E-01  -0.479331E+02   0.528866E+01   0.808485E+03
  0.531035E-01   0.975568E-01  -0.104824E-02   0.300751E+03
  0.528204E-01   0.368514E+00  -0.553821E-01   0.302422E+03
  0.525393E-01   0.120998E+01  -0.354518E+00   0.304466E+03
  0.522819E-01   0.281058E+01  -0.409567E+00   0.306130E+03
  0.521291E-01   0.436836E+01  -0.211765E+00   0.306577E+03
  0.520764E-01   0.520919E+01  -0.593653E-01   0.306214E+03
  0.519954E-01   0.511396E+01   0.564248E-01   0.305808E+03
  0.517924E-01   0.392346E+01   0.136360E+00   0.306019E+03
  0.514210E-01   0.173282E+01   0.164021E+00   0.307405E+03
  0.510172E-01  -0.903630E+00   0.130782E+00   0.309505E+03
  0.507296E-01  -0.313961E+01   0.701852E-01   0.311447E+03
  0.505105E-01  -0.459979E+01   0.286087E-01   0.313089E+03
  0.502891E-01  -0.555443E+01   0.161383E-01   0.314494E+03
  0.500191E-01  -0.649023E+01   0.197547E-01   0.315895E+03
  0.496948E-01  -0.768734E+01   0.242098E-01   0.317531E+03
  0.493231E-01  -0.915428E+01   0.252196E-01   0.319537E+03
  0.489026E-01  -0.108179E+02   0.246906E-01   0.321988E+03
  0.484224E-01  -0.126474E+02   0.243967E-01   0.324985E+03
  0.478690E-01  -0.146533E+02   0.247388E-01   0.328671E+03
  0.472282E-01  -0.168546E+02   0.257274E-01   0.333221E+03
  0.464817E-01  -0.192698E+02   0.274739E-01   0.338860E+03
  0.456102E-01  -0.219122E+02   0.299555E-01   0.345856E+03
  0.445941E-01  -0.247833E+02   0.331519E-01   0.354516E+03
  0.434117E-01  -0.278767E+02   0.371276E-01   0.365220E+03
  0.420521E-01  -0.311675E+02   0.417147E-01   0.378347E+03
  0.405017E-01  -0.346368E+02   0.466674E-01   0.394419E+03
  0.387683E-01  -0.382271E+02   0.510972E-01   0.413913E+03
  0.368767E-01  -0.418576E+02   0.535050E-01   0.437282E+03
  0.348696E-01  -0.454033E+02   0.507802E-01   0.464888E+03
  0.328001E-01  -0.486884E+02   0.374637E-01   0.496984E+03
  0.307469E-01  -0.514244E+02  -0.152426E-02   0.533301E+03
  0.287845E-01  -0.532097E+02  -0.102685E+00   0.573146E+03
  0.269924E-01  -0.535507E+02  -0.306923E+00   0.614836E+03
  0.254243E-01  -0.521631E+02  -0.627799E+00   0.655953E+03
  0.241033E-01  -0.492897E+02  -0.100970E+01   0.693755E+03
  0.229775E-01  -0.458894E+02  -0.127389E+01   0.727579E+03
  0.219369E-01  -0.435040E+02  -0.118483E+01   0.759745E+03
  0.207540E-01  -0.440618E+02  -0.454620E+00   0.798587E+03
  0.190470E-01  -0.503778E+02   0.160553E+01   0.862449E+03
  0.165238E-01  -0.664658E+02   0.100365E+02   0.981472E+03
  0.530058E-01   0.207096E+00  -0.138316E+00   0.301238E+03
  0.525394E-01   0.704680E+00  -0.231293E+00   0.303972E+03
  0.520414E-01   0.176333E+01  -0.730053E+00   0.307288E+03
  0.516183E-01   0.356948E+01  -0.811250E+00   0.309975E+03
  0.514271E-01   0.533163E+01  -0.439547E+00   0.310707E+03
  0.514170E-01   0.630313E+01  -0.122227E+00   0.310126E+03
  0.513812E-01   0.613635E+01   0.130628E+00   0.309486E+03
  0.511596E-01   0.456328E+01   0.306659E+00   0.309855E+03
  0.506528E-01   0.164324E+01   0.369312E+00   0.312129E+03
  0.500539E-01  -0.197843E+01   0.300469E+00   0.315516E+03
  0.495902E-01  -0.521146E+01   0.173574E+00   0.318640E+03
  0.492263E-01  -0.752597E+01   0.821168E-01   0.321278E+03
  0.488862E-01  -0.918588E+01   0.501676E-01   0.323534E+03
  0.485035E-01  -0.107854E+02   0.534106E-01   0.325779E+03
  0.480529E-01  -0.127092E+02   0.609895E-01   0.328394E+03
  0.475322E-01  -0.150027E+02   0.627517E-01   0.331590E+03
  0.469374E-01  -0.175853E+02   0.615330E-01   0.335483E+03
  0.462557E-01  -0.204157E+02   0.607636E-01   0.340221E+03
  0.454702E-01  -0.235020E+02   0.613760E-01   0.346023E+03
  0.445648E-01  -0.268647E+02   0.633729E-01   0.353148E+03
  0.435205E-01  -0.305220E+02   0.668288E-01   0.361930E+03
  0.423220E-01  -0.344768E+02   0.715042E-01   0.372741E+03
  0.409574E-01  -0.387176E+02   0.770827E-01   0.386008E+03
  0.394170E-01  -0.432199E+02   0.832912E-01   0.402246E+03
  0.377071E-01  -0.479303E+02   0.891692E-01   0.421956E+03
  0.358387E-01  -0.527908E+02   0.935023E-01   0.445746E+03
  0.338378E-01  -0.577147E+02   0.935705E-01   0.474226E+03
  0.317518E-01  -0.625693E+02   0.848575E-01   0.507853E+03
  0.296349E-01  -0.671802E+02   0.598338E-01   0.546978E+03
  0.275467E-01  -0.713015E+02   0.181641E-02   0.591700E+03
  0.255538E-01  -0.745755E+02  -0.129448E+00   0.641544E+03
  0.237200E-01  -0.764956E+02  -0.395024E+00   0.695289E+03
  0.220939E-01  -0.765850E+02  -0.863098E+00   0.750785E+03
  0.207070E-01  -0.746509E+02  -0.154317E+01   0.804844E+03
  0.195625E-01  -0.711645E+02  -0.229241E+01   0.854097E+03
  0.186147E-01  -0.673923E+02  -0.274247E+01   0.897383E+03
  0.177626E-01  -0.651550E+02  -0.243614E+01   0.937738E+03
  0.168337E-01  -0.664629E+02  -0.864063E+00   0.984494E+03
  0.156218E-01  -0.735105E+02   0.314740E+01   0.105315E+04
  0.141470E-01  -0.867423E+02   0.165592E+02   0.115619E+04
  0.528691E-01   0.244295E+00  -0.428167E+00   0.301947E+03
  0.521430E-01   0.811031E+00  -0.558322E+00   0.306210E+03
  0.513543E-01   0.189478E+01  -0.131900E+01   0.311297E+03
  0.507173E-01   0.367585E+01  -0.142595E+01   0.315378E+03
  0.504747E-01   0.540571E+01  -0.791010E+00   0.316509E+03
  0.505151E-01   0.631599E+01  -0.208726E+00   0.315655E+03
  0.505274E-01   0.596375E+01   0.276589E+00   0.314757E+03
  0.502671E-01   0.397789E+01   0.623032E+00   0.315439E+03
  0.495701E-01   0.340691E+00   0.751900E+00   0.319048E+03
  0.487326E-01  -0.424429E+01   0.626600E+00   0.324161E+03
  0.480530E-01  -0.855705E+01   0.387571E+00   0.328900E+03
  0.475139E-01  -0.119266E+02   0.206258E+00   0.332902E+03
  0.470314E-01  -0.145636E+02   0.134059E+00   0.336326E+03
  0.465157E-01  -0.171051E+02   0.130996E+00   0.339729E+03
  0.459198E-01  -0.200099E+02   0.140717E+00   0.343676E+03
  0.452320E-01  -0.233684E+02   0.142082E+00   0.348479E+03
  0.444471E-01  -0.271086E+02   0.138418E+00   0.354305E+03
  0.435522E-01  -0.311837E+02   0.135563E+00   0.361364E+03
  0.425315E-01  -0.355949E+02   0.135286E+00   0.369954E+03
  0.413708E-01  -0.403556E+02   0.137476E+00   0.380435E+03
  0.400562E-01  -0.454757E+02   0.141942E+00   0.393254E+03
  0.385813E-01  -0.509409E+02   0.147767E+00   0.408901E+03
  0.369492E-01  -0.567103E+02   0.153711E+00   0.427900E+03
  0.351679E-01  -0.627277E+02   0.158443E+00   0.450862E+03
  0.332569E-01  -0.689156E+02   0.159112E+00   0.478427E+03
  0.312493E-01  -0.751668E+02   0.151797E+00   0.511207E+03
  0.291813E-01  -0.813602E+02   0.130168E+00   0.549879E+03
  0.271049E-01  -0.873254E+02   0.839247E-01   0.594873E+03
  0.250697E-01  -0.928503E+02  -0.107726E-01   0.646481E+03
  0.231273E-01  -0.976148E+02  -0.192994E+00   0.704575E+03
  0.213283E-01  -0.101181E+03  -0.527228E+00   0.768340E+03
  0.197083E-01  -0.103090E+03  -0.110908E+01   0.836345E+03
  0.182955E-01  -0.102937E+03  -0.204441E+01   0.905954E+03
  0.171061E-01  -0.100684E+03  -0.331058E+01   0.973318E+03
  0.161347E-01  -0.970088E+02  -0.459992E+01   0.103444E+04
  0.153425E-01  -0.933545E+02  -0.524914E+01   0.108771E+04
  0.146502E-01  -0.915624E+02  -0.448741E+01   0.113630E+04
  0.139478E-01  -0.933388E+02  -0.149935E+01   0.118856E+04
  0.131550E-01  -0.997052E+02   0.551469E+01   0.125416E+04
  0.123656E-01  -0.108476E+03   0.235797E+02   0.133426E+04
  0.526968E-01   0.163967E+00  -0.795896E+00   0.302947E+03
  0.516137E-01   0.542937E+00  -0.969387E+00   0.309342E+03
  0.504599E-01   0.136084E+01  -0.208026E+01   0.316766E+03
  0.495735E-01   0.279992E+01  -0.222642E+01   0.322590E+03
  0.492694E-01   0.417294E+01  -0.123070E+01   0.324227E+03
  0.493533E-01   0.472639E+01  -0.266405E+00   0.323117E+03
  0.493863E-01   0.395580E+01   0.569715E+00   0.322119E+03
  0.490291E-01   0.141507E+01   0.118513E+01   0.323544E+03
  0.480778E-01  -0.300233E+01   0.141315E+01   0.329105E+03
  0.469895E-01  -0.852878E+01   0.120622E+01   0.336329E+03
  0.460771E-01  -0.139504E+02   0.792920E+00   0.343115E+03
  0.453503E-01  -0.185023E+02   0.463760E+00   0.348866E+03
  0.447150E-01  -0.223280E+02   0.317169E+00   0.353812E+03
  0.440584E-01  -0.260519E+02   0.293828E+00   0.358730E+03
  0.433137E-01  -0.301593E+02   0.299684E+00   0.364403E+03
  0.424616E-01  -0.347720E+02   0.295633E+00   0.371261E+03
  0.414974E-01  -0.398330E+02   0.284347E+00   0.379531E+03
  0.404114E-01  -0.452954E+02   0.274619E+00   0.389488E+03
  0.391915E-01  -0.511515E+02   0.269180E+00   0.401518E+03
  0.378294E-01  -0.574004E+02   0.267448E+00   0.416083E+03
  0.363222E-01  -0.640281E+02   0.268364E+00   0.433710E+03
  0.346738E-01  -0.709976E+02   0.269526E+00   0.455005E+03
  0.329005E-01  -0.782372E+02   0.267581E+00   0.480574E+03
  0.310265E-01  -0.856505E+02   0.258590E+00   0.511048E+03
  0.290802E-01  -0.931280E+02   0.236125E+00   0.547131E+03
  0.271004E-01  -0.100532E+03   0.190645E+00   0.589433E+03
  0.251247E-01  -0.107708E+03   0.109563E+00   0.638589E+03
  0.231938E-01  -0.114481E+03  -0.398973E-01   0.695038E+03
  0.213522E-01  -0.120543E+03  -0.302833E+00   0.758784E+03
  0.196350E-01  -0.125545E+03  -0.737451E+00   0.829510E+03
  0.180667E-01  -0.129136E+03  -0.143811E+01   0.906478E+03
  0.166686E-01  -0.130934E+03  -0.255252E+01   0.988033E+03
  0.154569E-01  -0.130668E+03  -0.421277E+01   0.107119E+04
  0.144396E-01  -0.128456E+03  -0.631862E+01   0.115163E+04
  0.136099E-01  -0.125088E+03  -0.830126E+01   0.122481E+04
  0.129395E-01  -0.121971E+03  -0.909381E+01   0.128848E+04
  0.123763E-01  -0.120672E+03  -0.752770E+01   0.134473E+04
  0.118622E-01  -0.122272E+03  -0.244475E+01   0.139916E+04
  0.113751E-01  -0.126557E+03   0.816148E+01   0.145640E+04
  0.109617E-01  -0.130516E+03   0.286116E+02   0.151656E+04
  0.524939E-01  -0.241173E-01  -0.963557E+00   0.304323E+03
  0.509468E-01  -0.800523E-01  -0.119843E+01   0.313558E+03
  0.493842E-01   0.178213E+00  -0.279244E+01   0.323776E+03
  0.482516E-01   0.940850E+00  -0.302318E+01   0.331505E+03
  0.478807E-01   0.158568E+01  -0.158137E+01   0.333735E+03
  0.479551E-01   0.140046E+01  -0.121267E+00   0.332690E+03
  0.479141E-01  -0.148700E+00   0.118165E+01   0.332217E+03
  0.473251E-01  -0.353786E+01   0.214764E+01   0.335417E+03
  0.461288E-01  -0.884408E+01   0.249764E+01   0.343241E+03
  0.448160E-01  -0.153833E+02   0.217055E+01   0.352850E+03
  0.436997E-01  -0.219405E+02   0.149907E+01   0.361950E+03
  0.428066E-01  -0.277083E+02   0.941729E+00   0.369725E+03
  0.420333E-01  -0.327810E+02   0.668953E+00   0.376485E+03
  0.412510E-01  -0.377526E+02   0.598837E+00   0.383229E+03
  0.403801E-01  -0.431027E+02   0.585379E+00   0.390951E+03
  0.393975E-01  -0.489633E+02   0.563040E+00   0.400201E+03
  0.382999E-01  -0.552874E+02   0.532081E+00   0.411274E+03
  0.370834E-01  -0.620260E+02   0.504325E+00   0.424493E+03
  0.357414E-01  -0.691618E+02   0.483143E+00   0.440320E+03
  0.342717E-01  -0.766769E+02   0.466768E+00   0.459311E+03
  0.326824E-01  -0.845293E+02   0.452041E+00   0.482037E+03
  0.309877E-01  -0.926498E+02   0.433726E+00   0.509145E+03
  0.292109E-01  -0.100936E+03   0.404683E+00   0.541273E+03
  0.273832E-01  -0.109260E+03   0.355859E+00   0.579018E+03
  0.255356E-01  -0.117479E+03   0.274434E+00   0.623022E+03
  0.237007E-01  -0.125440E+03   0.141691E+00   0.673882E+03
  0.219083E-01  -0.132985E+03  -0.788360E-01   0.732154E+03
  0.201981E-01  -0.139840E+03  -0.439413E+00   0.797834E+03
  0.185929E-01  -0.145756E+03  -0.100000E+01   0.870981E+03
  0.171074E-01  -0.150501E+03  -0.184289E+01   0.951483E+03
  0.157555E-01  -0.153823E+03  -0.310571E+01   0.103863E+04
  0.145496E-01  -0.155470E+03  -0.497995E+01   0.113081E+04
  0.134995E-01  -0.155314E+03  -0.760298E+01   0.122506E+04
  0.126099E-01  -0.153581E+03  -0.107435E+02   0.131706E+04
  0.118772E-01  -0.151026E+03  -0.134865E+02   0.140197E+04
  0.112869E-01  -0.148792E+03  -0.142911E+02   0.147638E+04
  0.108124E-01  -0.147933E+03  -0.115895E+02   0.154016E+04
  0.104253E-01  -0.148818E+03  -0.411565E+01   0.159587E+04
  0.101142E-01  -0.150487E+03   0.929609E+01   0.164609E+04
  0.987158E-02  -0.150560E+03   0.289632E+02   0.169410E+04
  0.522265E-01  -0.285894E+00  -0.448141E+00   0.306355E+03
  0.501105E-01  -0.953609E+00  -0.764088E+00   0.319216E+03
  0.481961E-01  -0.145885E+01  -0.301013E+01   0.332141E+03
  0.468929E-01  -0.160020E+01  -0.339993E+01   0.341454E+03
  0.464230E-01  -0.196033E+01  -0.146044E+01   0.344563E+03
  0.463046E-01  -0.321788E+01   0.555948E+00   0.344896E+03
  0.460436E-01  -0.583515E+01   0.238163E+01   0.346063E+03
  0.451768E-01  -0.102796E+02   0.372693E+01   0.351712E+03
  0.437921E-01  -0.166436E+02   0.419485E+01   0.361877E+03
  0.423380E-01  -0.242504E+02   0.367477E+01   0.373775E+03
  0.410967E-01  -0.318838E+02   0.262625E+01   0.385091E+03
  0.400976E-01  -0.387226E+02   0.173012E+01   0.394867E+03
  0.392323E-01  -0.448407E+02   0.125655E+01   0.403491E+03
  0.383677E-01  -0.508131E+02   0.109669E+01   0.412132E+03
  0.374224E-01  -0.571074E+02   0.103558E+01   0.421937E+03
  0.363733E-01  -0.638531E+02   0.971016E+00   0.433545E+03
  0.352187E-01  -0.710053E+02   0.898623E+00   0.447313E+03
  0.339585E-01  -0.785121E+02   0.832828E+00   0.463600E+03
  0.325922E-01  -0.863423E+02   0.776615E+00   0.482897E+03
  0.311239E-01  -0.944577E+02   0.725793E+00   0.505783E+03
  0.295665E-01  -0.102793E+03   0.673470E+00   0.532841E+03
  0.279399E-01  -0.111247E+03   0.609567E+00   0.564667E+03
  0.262701E-01  -0.119689E+03   0.521032E+00   0.601824E+03
  0.245866E-01  -0.127966E+03   0.390954E+00   0.644803E+03
  0.229176E-01  -0.135913E+03   0.195766E+00   0.694071E+03
  0.212868E-01  -0.143369E+03  -0.102061E+00   0.750100E+03
  0.197286E-01  -0.150138E+03  -0.553652E+00   0.812782E+03
  0.182570E-01  -0.156089E+03  -0.121878E+01   0.882323E+03
  0.168789E-01  -0.161113E+03  -0.217844E+01   0.958991E+03
  0.156010E-01  -0.165094E+03  -0.354512E+01   0.104280E+04
  0.144293E-01  -0.167910E+03  -0.548712E+01   0.113337E+04
  0.133700E-01  -0.169452E+03  -0.822661E+01   0.122965E+04
  0.124279E-01  -0.169720E+03  -0.118836E+02   0.132958E+04
  0.116073E-01  -0.168969E+03  -0.160662E+02   0.142974E+04
  0.109125E-01  -0.167773E+03  -0.195009E+02   0.152541E+04
  0.103460E-01  -0.166833E+03  -0.202273E+02   0.161164E+04
  0.990148E-02  -0.166594E+03  -0.164776E+02   0.168531E+04
  0.956455E-02  -0.166864E+03  -0.739404E+01   0.174615E+04
  0.931984E-02  -0.166608E+03   0.662706E+01   0.179585E+04
  0.913933E-02  -0.164506E+03   0.230734E+02   0.183857E+04
  0.518771E-01  -0.557405E+00   0.129234E+01   0.309078E+03
  0.491232E-01  -0.186318E+01   0.884817E+00   0.326254E+03
  0.469548E-01  -0.312762E+01  -0.223969E+01   0.341534E+03
  0.455434E-01  -0.412929E+01  -0.288409E+01   0.352156E+03
  0.449011E-01  -0.546180E+01  -0.440160E+00   0.356796E+03
  0.445019E-01  -0.775726E+01   0.211011E+01   0.359391E+03
  0.439411E-01  -0.114353E+02   0.444133E+01   0.363105E+03
  0.428486E-01  -0.169295E+02   0.614533E+01   0.371251E+03
  0.413686E-01  -0.242871E+02   0.667190E+01   0.383429E+03
  0.398743E-01  -0.327795E+02   0.583311E+01   0.397137E+03
  0.386044E-01  -0.411561E+02   0.424253E+01   0.410147E+03
  0.375799E-01  -0.485949E+02   0.286339E+01   0.421463E+03
  0.366905E-01  -0.551882E+02   0.209285E+01   0.431548E+03
  0.358086E-01  -0.615219E+02   0.178652E+01   0.441663E+03
  0.348591E-01  -0.680579E+02   0.163911E+01   0.453019E+03
  0.338215E-01  -0.749148E+02   0.149971E+01   0.466295E+03
  0.326960E-01  -0.820390E+02   0.135637E+01   0.481849E+03
  0.314832E-01  -0.893714E+02   0.122564E+01   0.500057E+03
  0.301858E-01  -0.968696E+02   0.110876E+01   0.521387E+03
  0.288115E-01  -0.104476E+03   0.997209E+00   0.546353E+03
  0.273749E-01  -0.112106E+03   0.878976E+00   0.575457E+03
  0.258969E-01  -0.119637E+03   0.737136E+00   0.609151E+03
  0.244021E-01  -0.126917E+03   0.550969E+00   0.647803E+03
  0.229171E-01  -0.133782E+03   0.294328E+00   0.691653E+03
  0.214669E-01  -0.140058E+03  -0.666896E-01   0.740816E+03
  0.200765E-01  -0.145658E+03  -0.571613E+00   0.795156E+03
  0.187572E-01  -0.150587E+03  -0.126938E+01   0.854719E+03
  0.175122E-01  -0.154842E+03  -0.223526E+01   0.919712E+03
  0.163425E-01  -0.158417E+03  -0.356642E+01   0.990372E+03
  0.152460E-01  -0.161307E+03  -0.538999E+01   0.106703E+04
  0.142194E-01  -0.163511E+03  -0.789078E+01   0.115010E+04
  0.132599E-01  -0.165049E+03  -0.113069E+02   0.123991E+04
  0.123659E-01  -0.166011E+03  -0.157361E+02   0.133642E+04
  0.115427E-01  -0.166611E+03  -0.206656E+02   0.143841E+04
  0.108077E-01  -0.167151E+03  -0.245995E+02   0.154206E+04
  0.101865E-01  -0.167837E+03  -0.254075E+02   0.164083E+04
  0.969500E-02  -0.168575E+03  -0.214631E+02   0.172797E+04
  0.932909E-02  -0.168895E+03  -0.126432E+02   0.179974E+04
  0.906912E-02  -0.168114E+03  -0.589110E+00   0.185611E+04
  0.888781E-02  -0.165757E+03   0.116331E+02   0.189945E+04
  0.515219E-01  -0.766862E+00   0.449840E+01   0.311703E+03
  0.482145E-01  -0.253415E+01   0.395603E+01   0.332908E+03
  0.457790E-01  -0.428609E+01  -0.342385E+00   0.350842E+03
  0.442411E-01  -0.577942E+01  -0.138155E+01   0.363063E+03
  0.433639E-01  -0.766722E+01   0.156093E+01   0.369940E+03
  0.427993E-01  -0.105562E+02   0.460563E+01   0.374162E+03
  0.420061E-01  -0.148526E+02   0.740708E+01   0.380251E+03
  0.407772E-01  -0.209622E+02   0.942412E+01   0.390439E+03
  0.392760E-01  -0.288538E+02   0.991306E+01   0.404066E+03
  0.378168E-01  -0.376819E+02   0.858808E+01   0.418841E+03
  0.366005E-01  -0.461034E+02   0.625715E+01   0.432637E+03
  0.356306E-01  -0.532976E+02   0.423571E+01   0.444525E+03
  0.347927E-01  -0.594239E+02   0.307105E+01   0.455079E+03
  0.339657E-01  -0.651231E+02   0.256601E+01   0.465608E+03
  0.330845E-01  -0.708627E+02   0.229814E+01   0.477287E+03
  0.321337E-01  -0.767385E+02   0.205463E+01   0.490745E+03
  0.311139E-01  -0.826759E+02   0.181365E+01   0.506299E+03
  0.300251E-01  -0.886033E+02   0.159405E+01   0.524280E+03
  0.288705E-01  -0.944694E+02   0.139448E+01   0.545071E+03
  0.276586E-01  -0.100211E+03   0.120095E+01   0.569047E+03
  0.264052E-01  -0.105737E+03   0.995514E+00   0.596502E+03
  0.251296E-01  -0.110933E+03   0.754321E+00   0.627653E+03
  0.238545E-01  -0.115660E+03   0.450448E+00   0.662569E+03
  0.226052E-01  -0.119783E+03   0.544564E-01   0.701095E+03
  0.214043E-01  -0.123244E+03  -0.450037E+00   0.742930E+03
  0.202574E-01  -0.126251E+03  -0.109215E+01   0.788074E+03
  0.191745E-01  -0.128870E+03  -0.192826E+01   0.836235E+03
  0.181582E-01  -0.131149E+03  -0.303617E+01   0.887252E+03
  0.172028E-01  -0.133134E+03  -0.451121E+01   0.941280E+03
  0.162948E-01  -0.134875E+03  -0.647882E+01   0.999017E+03
  0.154145E-01  -0.136442E+03  -0.912146E+01   0.106186E+04
  0.145405E-01  -0.137929E+03  -0.126757E+02   0.113194E+04
  0.136559E-01  -0.139461E+03  -0.172306E+02   0.121191E+04
  0.127623E-01  -0.141169E+03  -0.222723E+02   0.130361E+04
  0.118955E-01  -0.143084E+03  -0.263680E+02   0.140537E+04
  0.111171E-01  -0.145027E+03  -0.275892E+02   0.151016E+04
  0.104792E-01  -0.146597E+03  -0.246758E+02   0.160797E+04
  0.999687E-02  -0.147314E+03  -0.180093E+02   0.169093E+04
  0.965094E-02  -0.146856E+03  -0.953568E+01   0.175634E+04
  0.940622E-02  -0.145332E+03  -0.165183E+01   0.180577E+04
  0.511835E-01  -0.908381E+00   0.894209E+01   0.313689E+03
  0.475161E-01  -0.290173E+01   0.801599E+01   0.337794E+03
  0.448908E-01  -0.471891E+01   0.213994E+01   0.357866E+03
  0.432391E-01  -0.613832E+01   0.544745E+00   0.371610E+03
  0.422540E-01  -0.791381E+01   0.402649E+01   0.379790E+03
  0.415065E-01  -0.107149E+02   0.759503E+01   0.385943E+03
  0.405538E-01  -0.149364E+02   0.108855E+02   0.393952E+03
  0.392519E-01  -0.209646E+02   0.132086E+02   0.405596E+03
  0.377698E-01  -0.286844E+02   0.135852E+02   0.420027E+03
  0.363940E-01  -0.370810E+02   0.116156E+02   0.434966E+03
  0.352980E-01  -0.446532E+02   0.835822E+01   0.448339E+03
  0.344605E-01  -0.505738E+02   0.556252E+01   0.459391E+03
  0.337515E-01  -0.551196E+02   0.394257E+01   0.468925E+03
  0.330502E-01  -0.590403E+02   0.322068E+01   0.478334E+03
  0.323040E-01  -0.628281E+02   0.282587E+01   0.488661E+03
  0.315063E-01  -0.665479E+02   0.247104E+01   0.500365E+03
  0.306583E-01  -0.700931E+02   0.212469E+01   0.513676E+03
  0.297582E-01  -0.733799E+02   0.180993E+01   0.528841E+03
  0.288086E-01  -0.763594E+02   0.152345E+01   0.546104E+03
  0.278178E-01  -0.789818E+02   0.124694E+01   0.565661E+03
  0.268043E-01  -0.811872E+02   0.957411E+00   0.587498E+03
  0.257873E-01  -0.829084E+02   0.626853E+00   0.611536E+03
  0.247859E-01  -0.840849E+02   0.225001E+00   0.637582E+03
  0.238205E-01  -0.846716E+02  -0.244579E+00   0.665303E+03
  0.228769E-01  -0.851136E+02  -0.781473E+00   0.695163E+03
  0.219842E-01  -0.855244E+02  -0.141919E+01   0.726325E+03
  0.211604E-01  -0.859697E+02  -0.220995E+01   0.758021E+03
  0.204133E-01  -0.864903E+02  -0.321842E+01   0.789647E+03
  0.197361E-01  -0.871205E+02  -0.452439E+01   0.821052E+03
  0.191041E-01  -0.879053E+02  -0.623467E+01   0.852915E+03
  0.184745E-01  -0.889126E+02  -0.850540E+01   0.887034E+03
  0.177903E-01  -0.902344E+02  -0.115422E+02   0.926559E+03
  0.169917E-01  -0.919595E+02  -0.154281E+02   0.975924E+03
  0.160493E-01  -0.940871E+02  -0.197621E+02   0.103954E+04
  0.150033E-01  -0.964179E+02  -0.234474E+02   0.111873E+04
  0.139641E-01  -0.985476E+02  -0.250670E+02   0.120876E+04
  0.130526E-01  -0.100021E+03  -0.237714E+02   0.129945E+04
  0.123357E-01  -0.100535E+03  -0.199708E+02   0.138028E+04
  0.118129E-01  -0.100067E+03  -0.151457E+02   0.144549E+04
  0.114443E-01  -0.989077E+02  -0.108215E+02   0.149486E+04
  0.508736E-01  -0.106296E+01   0.142466E+02   0.314860E+03
  0.470992E-01  -0.317685E+01   0.122408E+02   0.340187E+03
  0.444917E-01  -0.470452E+01   0.421666E+01   0.360653E+03
  0.427879E-01  -0.552428E+01   0.192010E+01   0.375198E+03
  0.416355E-01  -0.661265E+01   0.610421E+01   0.385093E+03
  0.407122E-01  -0.872268E+01   0.102990E+02   0.393151E+03
  0.396416E-01  -0.122303E+02   0.141746E+02   0.402668E+03
  0.382960E-01  -0.175255E+02   0.168691E+02   0.415280E+03
  0.368489E-01  -0.244183E+02   0.171260E+02   0.429965E+03
  0.355845E-01  -0.316890E+02   0.144149E+02   0.444253E+03
  0.346634E-01  -0.376194E+02   0.101092E+02   0.456004E+03
  0.340352E-01  -0.413617E+02   0.647571E+01   0.464692E+03
  0.335369E-01  -0.433531E+02   0.440232E+01   0.471570E+03
  0.330307E-01  -0.445036E+02   0.349655E+01   0.478314E+03
  0.324776E-01  -0.453551E+02   0.300867E+01   0.485780E+03
  0.318903E-01  -0.459420E+02   0.256796E+01   0.494097E+03
  0.312733E-01  -0.461244E+02   0.213623E+01   0.503352E+03
  0.306218E-01  -0.458135E+02   0.174470E+01   0.513722E+03
  0.299382E-01  -0.449785E+02   0.138969E+01   0.525310E+03
  0.292263E-01  -0.436044E+02   0.105243E+01   0.538225E+03
  0.285172E-01  -0.416914E+02   0.705025E+00   0.552051E+03
  0.278334E-01  -0.392621E+02   0.316667E+00   0.566437E+03
  0.271941E-01  -0.363153E+02  -0.106449E+00   0.581043E+03
  0.265310E-01  -0.335483E+02  -0.542558E+00   0.597313E+03
  0.258695E-01  -0.311864E+02  -0.100680E+01   0.614773E+03
  0.252588E-01  -0.292541E+02  -0.153181E+01   0.632231E+03
  0.247287E-01  -0.277706E+02  -0.215511E+01   0.648747E+03
  0.243008E-01  -0.267598E+02  -0.292124E+01   0.663467E+03
  0.239805E-01  -0.262587E+02  -0.388442E+01   0.675918E+03
  0.237523E-01  -0.263153E+02  -0.511810E+01   0.686253E+03
  0.235732E-01  -0.269878E+02  -0.673130E+01   0.695513E+03
  0.233653E-01  -0.283311E+02  -0.887562E+01   0.705962E+03
  0.230109E-01  -0.303530E+02  -0.116237E+02   0.721379E+03
  0.223897E-01  -0.329088E+02  -0.147207E+02   0.746370E+03
  0.214588E-01  -0.356045E+02  -0.174630E+02   0.784199E+03
  0.203071E-01  -0.378678E+02  -0.189833E+02   0.834343E+03
  0.191174E-01  -0.392095E+02  -0.188027E+02   0.891578E+03
  0.180616E-01  -0.394690E+02  -0.171868E+02   0.948090E+03
  0.172230E-01  -0.388385E+02  -0.149766E+02   0.997485E+03
  0.165967E-01  -0.377278E+02  -0.129749E+02   0.103722E+04
  0.505760E-01  -0.135330E+01   0.203408E+02   0.315451E+03
  0.469318E-01  -0.367875E+01   0.159550E+02   0.340432E+03
  0.445651E-01  -0.470924E+01   0.508866E+01   0.359364E+03
  0.429517E-01  -0.457351E+01   0.199574E+01   0.373191E+03
  0.415732E-01  -0.458895E+01   0.709253E+01   0.385062E+03
  0.404153E-01  -0.561787E+01   0.120555E+02   0.395444E+03
  0.392046E-01  -0.800324E+01   0.166516E+02   0.406535E+03
  0.378029E-01  -0.121467E+02   0.198258E+02   0.419990E+03
  0.363793E-01  -0.177791E+02   0.200123E+02   0.434715E+03
  0.352291E-01  -0.234393E+02   0.165397E+02   0.447943E+03
  0.345165E-01  -0.271409E+02   0.111533E+02   0.457282E+03
  0.341701E-01  -0.280054E+02   0.670098E+01   0.462341E+03
  0.339744E-01  -0.266711E+02   0.423685E+01   0.465085E+03
  0.337352E-01  -0.242613E+02   0.322102E+01   0.467977E+03
  0.334215E-01  -0.214026E+02   0.270395E+01   0.471755E+03
  0.330865E-01  -0.181123E+02   0.222778E+01   0.475961E+03
  0.327441E-01  -0.142282E+02   0.175223E+01   0.480496E+03
  0.323857E-01  -0.966995E+01   0.131978E+01   0.485518E+03
  0.320213E-01  -0.442835E+01   0.925232E+00   0.490928E+03
  0.316304E-01   0.147341E+01   0.548270E+00   0.497112E+03
  0.312805E-01   0.795280E+01   0.180681E+00   0.503099E+03
  0.310042E-01   0.146647E+02  -0.182109E+00   0.508398E+03
  0.306966E-01   0.207096E+02  -0.531467E+00   0.514680E+03
  0.303468E-01   0.259350E+02  -0.874303E+00   0.522159E+03
  0.299988E-01   0.304405E+02  -0.123490E+01   0.530099E+03
  0.296969E-01   0.343048E+02  -0.163887E+01   0.537675E+03
  0.294741E-01   0.375638E+02  -0.211038E+01   0.544190E+03
  0.293552E-01   0.402048E+02  -0.267528E+01   0.549066E+03
  0.293507E-01   0.421623E+02  -0.336034E+01   0.552004E+03
  0.294549E-01   0.433282E+02  -0.419842E+01   0.553054E+03
  0.296458E-01   0.435664E+02  -0.523757E+01   0.552617E+03
  0.298885E-01   0.427482E+02  -0.655495E+01   0.551393E+03
  0.301286E-01   0.408223E+02  -0.818850E+01   0.550475E+03
  0.302864E-01   0.379399E+02  -0.999979E+01   0.551406E+03
  0.302666E-01   0.345582E+02  -0.116186E+02   0.555892E+03
  0.299945E-01   0.313619E+02  -0.126114E+02   0.565161E+03
  0.294704E-01   0.289778E+02  -0.127643E+02   0.579134E+03
  0.287871E-01   0.276889E+02  -0.122260E+02   0.596114E+03
  0.280721E-01   0.273811E+02  -0.113931E+02   0.613683E+03
  0.274101E-01   0.277161E+02  -0.106316E+02   0.630120E+03
  0.503124E-01  -0.190415E+01   0.275116E+02   0.315411E+03
  0.471063E-01  -0.467334E+01   0.188374E+02   0.338052E+03
  0.453612E-01  -0.501903E+01   0.441850E+01   0.352367E+03
  0.441609E-01  -0.360756E+01   0.559777E+00   0.362426E+03
  0.423282E-01  -0.227928E+01   0.674784E+01   0.377572E+03
  0.407302E-01  -0.200858E+01   0.125975E+02   0.391757E+03
  0.392420E-01  -0.306863E+01   0.180278E+02   0.405478E+03
  0.377048E-01  -0.584194E+01   0.217718E+02   0.420329E+03
  0.362537E-01  -0.992418E+01   0.219440E+02   0.435395E+03
  0.351893E-01  -0.135299E+02   0.177390E+02   0.447667E+03
  0.346932E-01  -0.143280E+02   0.113138E+02   0.454322E+03
  0.346920E-01  -0.114089E+02   0.612219E+01   0.454891E+03
  0.348973E-01  -0.570227E+01   0.336960E+01   0.452384E+03
  0.349996E-01   0.137209E+01   0.234328E+01   0.450735E+03
  0.349621E-01   0.891635E+01   0.187991E+01   0.450682E+03
  0.349031E-01   0.169061E+02   0.143509E+01   0.450943E+03
  0.348525E-01   0.255143E+02   0.970510E+00   0.451214E+03
  0.347998E-01   0.347739E+02   0.538112E+00   0.451643E+03
  0.347812E-01   0.447875E+02   0.159059E+00   0.451820E+03
  0.347641E-01   0.549209E+02  -0.176760E+00   0.452228E+03
  0.347372E-01   0.644075E+02  -0.476743E+00   0.453031E+03
  0.347006E-01   0.728256E+02  -0.743664E+00   0.454243E+03
  0.346497E-01   0.802249E+02  -0.996540E+00   0.455951E+03
  0.345837E-01   0.867051E+02  -0.125358E+01   0.458160E+03
  0.345271E-01   0.924056E+02  -0.153919E+01   0.460527E+03
  0.345098E-01   0.974438E+02  -0.187465E+01   0.462613E+03
  0.345558E-01   0.101886E+03  -0.227671E+01   0.464047E+03
  0.346810E-01   0.105744E+03  -0.276004E+01   0.464580E+03
  0.348890E-01   0.108974E+03  -0.333229E+01   0.464141E+03
  0.351706E-01   0.111491E+03  -0.399465E+01   0.462844E+03
  0.355070E-01   0.113181E+03  -0.474457E+01   0.460941E+03
  0.358776E-01   0.113928E+03  -0.559358E+01   0.458728E+03
  0.362633E-01   0.113647E+03  -0.653389E+01   0.456523E+03
  0.366453E-01   0.112373E+03  -0.747854E+01   0.454663E+03
  0.370004E-01   0.110336E+03  -0.825119E+01   0.453450E+03
  0.373002E-01   0.107953E+03  -0.867889E+01   0.453070E+03
  0.375195E-01   0.105685E+03  -0.871228E+01   0.453523E+03
  0.376488E-01   0.103855E+03  -0.845491E+01   0.454624E+03
  0.376985E-01   0.102564E+03  -0.808587E+01   0.456098E+03
  0.376892E-01   0.101742E+03  -0.774953E+01   0.457724E+03
  0.500746E-01  -0.257845E+01   0.357475E+02   0.314293E+03
  0.477085E-01  -0.545453E+01   0.204782E+02   0.332309E+03
  0.471026E-01  -0.407047E+01   0.200921E+01   0.338540E+03
  0.468854E-01  -0.246743E+00  -0.219667E+01   0.340890E+03
  0.443538E-01   0.253944E+01   0.525712E+01   0.359862E+03
  0.420859E-01   0.400272E+01   0.120445E+02   0.378651E+03
  0.400329E-01   0.401265E+01   0.183441E+02   0.396918E+03
  0.381469E-01   0.241948E+01   0.226768E+02   0.414823E+03
  0.365275E-01  -0.168727E-01   0.228376E+02   0.431429E+03
  0.354691E-01  -0.946005E+00   0.179000E+02   0.443452E+03
  0.351915E-01   0.255276E+01   0.104864E+02   0.447301E+03
  0.356070E-01   0.112796E+02   0.469702E+01   0.442743E+03
  0.362728E-01   0.233200E+02   0.183161E+01   0.434892E+03
  0.367431E-01   0.362014E+02   0.942773E+00   0.429099E+03
  0.370145E-01   0.490407E+02   0.637302E+00   0.425504E+03
  0.372424E-01   0.621361E+02   0.313882E+00   0.422486E+03
  0.374773E-01   0.754273E+02  -0.445408E-01   0.419548E+03
  0.377121E-01   0.884338E+02  -0.372072E+00   0.416787E+03
  0.379082E-01   0.100441E+03  -0.643201E+00   0.414625E+03
  0.380725E-01   0.111369E+03  -0.865157E+00   0.413006E+03
  0.382178E-01   0.121251E+03  -0.105735E+01   0.411827E+03
  0.383534E-01   0.130026E+03  -0.123919E+01   0.411021E+03
  0.384843E-01   0.137715E+03  -0.142443E+01   0.410547E+03
  0.386169E-01   0.144495E+03  -0.162973E+01   0.410323E+03
  0.387666E-01   0.150529E+03  -0.188006E+01   0.410163E+03
  0.389511E-01   0.155944E+03  -0.219516E+01   0.409848E+03
  0.391838E-01   0.160807E+03  -0.258839E+01   0.409209E+03
  0.394708E-01   0.165138E+03  -0.306856E+01   0.408159E+03
  0.398091E-01   0.168905E+03  -0.363263E+01   0.406718E+03
  0.401866E-01   0.172047E+03  -0.426401E+01   0.404994E+03
  0.405854E-01   0.174482E+03  -0.493198E+01   0.403152E+03
  0.409892E-01   0.176131E+03  -0.561320E+01   0.401353E+03
  0.413882E-01   0.176945E+03  -0.627561E+01   0.399736E+03
  0.417790E-01   0.176946E+03  -0.685436E+01   0.398398E+03
  0.421579E-01   0.176287E+03  -0.725568E+01   0.397388E+03
  0.425138E-01   0.175236E+03  -0.741017E+01   0.396698E+03
  0.428293E-01   0.174092E+03  -0.732581E+01   0.396271E+03
  0.430900E-01   0.173079E+03  -0.708413E+01   0.396029E+03
  0.432913E-01   0.172292E+03  -0.678900E+01   0.395903E+03
  0.434396E-01   0.171729E+03  -0.651461E+01   0.395845E+03
  0.495483E-01   0.961314E-01   0.424553E+02   0.311965E+03
  0.481542E-01   0.557051E+01   0.174966E+02   0.325056E+03
  0.488421E-01   0.187613E+02  -0.422812E+01   0.323950E+03
  0.492464E-01   0.274634E+02  -0.577002E+01   0.324209E+03
  0.479604E-01   0.285894E+02   0.390250E+01   0.333309E+03
  0.453721E-01   0.276731E+02   0.115963E+02   0.351717E+03
  0.423558E-01   0.247630E+02   0.184658E+02   0.375362E+03
  0.396143E-01   0.208219E+02   0.230296E+02   0.399333E+03
  0.375135E-01   0.179149E+02   0.228818E+02   0.419735E+03
  0.363390E-01   0.194737E+02   0.170642E+02   0.432402E+03
  0.362547E-01   0.288209E+02   0.870711E+01   0.433774E+03
  0.370495E-01   0.458079E+02   0.247577E+01   0.425150E+03
  0.381687E-01   0.668660E+02  -0.209799E+00   0.413103E+03
  0.389819E-01   0.858712E+02  -0.672914E+00   0.404451E+03
  0.395038E-01   0.102046E+03  -0.645601E+00   0.398797E+03
  0.399022E-01   0.116611E+03  -0.749039E+00   0.394475E+03
  0.402596E-01   0.130108E+03  -0.932753E+00   0.390711E+03
  0.405899E-01   0.142453E+03  -0.110170E+01   0.387368E+03
  0.408868E-01   0.153735E+03  -0.124567E+01   0.384522E+03
  0.411544E-01   0.163980E+03  -0.137335E+01   0.382161E+03
  0.414022E-01   0.173208E+03  -0.149435E+01   0.380223E+03
  0.416409E-01   0.181453E+03  -0.162079E+01   0.378629E+03
  0.418800E-01   0.188785E+03  -0.176574E+01   0.377305E+03
  0.421287E-01   0.195319E+03  -0.194636E+01   0.376156E+03
  0.423990E-01   0.201190E+03  -0.218715E+01   0.375056E+03
  0.427019E-01   0.206513E+03  -0.250685E+01   0.373878E+03
  0.430444E-01   0.211358E+03  -0.291705E+01   0.372537E+03
  0.434272E-01   0.215749E+03  -0.342305E+01   0.371007E+03
  0.438438E-01   0.219665E+03  -0.401546E+01   0.369327E+03
  0.442813E-01   0.223050E+03  -0.466740E+01   0.367584E+03
  0.447226E-01   0.225832E+03  -0.533221E+01   0.365893E+03
  0.451534E-01   0.227932E+03  -0.596827E+01   0.364363E+03
  0.455667E-01   0.229285E+03  -0.653200E+01   0.363078E+03
  0.459630E-01   0.229878E+03  -0.697200E+01   0.362087E+03
  0.463431E-01   0.229807E+03  -0.723635E+01   0.361391E+03
  0.466996E-01   0.229289E+03  -0.730236E+01   0.360945E+03
  0.470184E-01   0.228586E+03  -0.719764E+01   0.360674E+03
  0.472862E-01   0.227909E+03  -0.698681E+01   0.360506E+03
  0.474982E-01   0.227370E+03  -0.673906E+01   0.360392E+03
  0.476595E-01   0.226988E+03  -0.650092E+01   0.360303E+03
  0.408305E-01  -0.148678E+02  -0.662249E+01   0.316846E+03
  0.458092E-01   0.944501E+02  -0.173161E+02   0.315755E+03
  0.499566E-01   0.130295E+03  -0.187373E+02   0.312065E+03
  0.515006E-01   0.137148E+03  -0.903108E+01   0.310580E+03
  0.513974E-01   0.128496E+03   0.528792E+01   0.312039E+03
  0.498848E-01   0.113306E+03   0.139425E+02   0.321428E+03
  0.466801E-01   0.932145E+02   0.207107E+02   0.342024E+03
  0.428683E-01   0.733386E+02   0.244655E+02   0.370013E+03
  0.397882E-01   0.599045E+02   0.230233E+02   0.396188E+03
  0.381661E-01   0.584422E+02   0.157913E+02   0.411862E+03
  0.380885E-01   0.713417E+02   0.642504E+01   0.413000E+03
  0.391734E-01   0.952324E+02   0.153335E-01   0.402341E+03
  0.404561E-01   0.119810E+03  -0.213120E+01   0.390060E+03
  0.413462E-01   0.138511E+03  -0.198379E+01   0.381582E+03
  0.419457E-01   0.153387E+03  -0.157621E+01   0.375777E+03
  0.424120E-01   0.166430E+03  -0.146368E+01   0.371294E+03
  0.428197E-01   0.178390E+03  -0.150442E+01   0.367486E+03
  0.431900E-01   0.189420E+03  -0.156863E+01   0.364159E+03
  0.435277E-01   0.199539E+03  -0.163343E+01   0.361286E+03
  0.438392E-01   0.208742E+03  -0.170062E+01   0.358837E+03
  0.441331E-01   0.217035E+03  -0.177624E+01   0.356765E+03
  0.444203E-01   0.224448E+03  -0.187019E+01   0.355001E+03
  0.447115E-01   0.231052E+03  -0.199414E+01   0.353469E+03
  0.450168E-01   0.236955E+03  -0.216468E+01   0.352079E+03
  0.453472E-01   0.242288E+03  -0.240666E+01   0.350728E+03
  0.457111E-01   0.247166E+03  -0.273853E+01   0.349327E+03
  0.461120E-01   0.251656E+03  -0.317110E+01   0.347823E+03
  0.465482E-01   0.255779E+03  -0.370779E+01   0.346214E+03
  0.470112E-01   0.259507E+03  -0.433550E+01   0.344540E+03
  0.474873E-01   0.262784E+03  -0.502131E+01   0.342880E+03
  0.479594E-01   0.265539E+03  -0.570865E+01   0.341323E+03
  0.484135E-01   0.267698E+03  -0.634445E+01   0.339954E+03
  0.488431E-01   0.269194E+03  -0.687577E+01   0.338837E+03
  0.492493E-01   0.269990E+03  -0.725445E+01   0.338011E+03
  0.496334E-01   0.270139E+03  -0.744834E+01   0.337471E+03
  0.499896E-01   0.269814E+03  -0.746011E+01   0.337168E+03
  0.503056E-01   0.269254E+03  -0.733173E+01   0.337020E+03
  0.505702E-01   0.268670E+03  -0.712431E+01   0.336954E+03
  0.507798E-01   0.268182E+03  -0.689373E+01   0.336919E+03
  0.509398E-01   0.267827E+03  -0.667472E+01   0.336890E+03
  0.633480E-01   0.346926E+03  -0.294800E+02   0.263804E+03
  0.617800E-01   0.360143E+03  -0.367113E+02   0.260043E+03
  0.612704E-01   0.367038E+03  -0.295989E+02   0.258718E+03
  0.605500E-01   0.368452E+03  -0.129363E+02   0.259249E+03
  0.594689E-01   0.352867E+03   0.770606E+01   0.265124E+03
  0.578693E-01   0.308348E+03   0.237548E+02   0.280128E+03
  0.539212E-01   0.247144E+03   0.317749E+02   0.301687E+03
  0.490261E-01   0.196532E+03   0.313554E+02   0.327403E+03
  0.445895E-01   0.159078E+03   0.260921E+02   0.356177E+03
  0.418402E-01   0.139468E+03   0.159533E+02   0.377481E+03
  0.411849E-01   0.141645E+03   0.482198E+01   0.382980E+03
  0.420647E-01   0.158636E+03  -0.185669E+01   0.375259E+03
  0.431536E-01   0.176429E+03  -0.350894E+01   0.365935E+03
  0.439578E-01   0.190894E+03  -0.289179E+01   0.358998E+03
  0.445267E-01   0.202760E+03  -0.221199E+01   0.354039E+03
  0.449808E-01   0.213302E+03  -0.194673E+01   0.350128E+03
  0.453794E-01   0.223082E+03  -0.188906E+01   0.346791E+03
  0.457412E-01   0.232194E+03  -0.188217E+01   0.343876E+03
  0.460743E-01   0.240612E+03  -0.189314E+01   0.341339E+03
  0.463862E-01   0.248299E+03  -0.191943E+01   0.339153E+03
  0.466850E-01   0.255233E+03  -0.196461E+01   0.337279E+03
  0.469811E-01   0.261429E+03  -0.203726E+01   0.335665E+03
  0.472851E-01   0.266941E+03  -0.214846E+01   0.334244E+03
  0.476067E-01   0.271863E+03  -0.231477E+01   0.332939E+03
  0.479561E-01   0.276313E+03  -0.256142E+01   0.331663E+03
  0.483396E-01   0.280395E+03  -0.290675E+01   0.330351E+03
  0.487588E-01   0.284165E+03  -0.336100E+01   0.328967E+03
  0.492102E-01   0.287633E+03  -0.392616E+01   0.327519E+03
  0.496843E-01   0.290768E+03  -0.458655E+01   0.326049E+03
  0.501675E-01   0.293514E+03  -0.530527E+01   0.324621E+03
  0.506428E-01   0.295810E+03  -0.601957E+01   0.323308E+03
  0.510973E-01   0.297601E+03  -0.666936E+01   0.322175E+03
  0.515251E-01   0.298832E+03  -0.719513E+01   0.321270E+03
  0.519276E-01   0.299469E+03  -0.754808E+01   0.320625E+03
  0.523063E-01   0.299548E+03  -0.770483E+01   0.320234E+03
  0.526554E-01   0.299209E+03  -0.768192E+01   0.320050E+03
  0.529638E-01   0.298655E+03  -0.753192E+01   0.319998E+03
  0.532214E-01   0.298076E+03  -0.731740E+01   0.320008E+03
  0.534256E-01   0.297582E+03  -0.708947E+01   0.320034E+03
  0.535816E-01   0.297213E+03  -0.687791E+01   0.320052E+03
  0.740465E-01   0.386922E+03  -0.208608E+02   0.254124E+03
  0.685834E-01   0.406338E+03  -0.290173E+02   0.246388E+03
  0.652003E-01   0.418700E+03  -0.253940E+02   0.241554E+03
  0.629942E-01   0.425663E+03  -0.102612E+02   0.239089E+03
  0.617400E-01   0.419857E+03   0.128755E+02   0.241545E+03
  0.607706E-01   0.391377E+03   0.355959E+02   0.252430E+03
  0.585126E-01   0.343207E+03   0.466356E+02   0.270927E+03
  0.545368E-01   0.285212E+03   0.435413E+02   0.295246E+03
  0.498506E-01   0.240815E+03   0.326162E+02   0.320287E+03
  0.466472E-01   0.217373E+03   0.180166E+02   0.340114E+03
  0.455579E-01   0.214091E+03   0.444463E+01   0.347511E+03
  0.459482E-01   0.223636E+03  -0.287879E+01   0.344287E+03
  0.466726E-01   0.235719E+03  -0.436960E+01   0.338654E+03
  0.472433E-01   0.245849E+03  -0.349053E+01   0.334158E+03
  0.476549E-01   0.254028E+03  -0.263708E+01   0.330885E+03
  0.479943E-01   0.261335E+03  -0.227253E+01   0.328221E+03
  0.483032E-01   0.268273E+03  -0.215132E+01   0.325865E+03
  0.485915E-01   0.274876E+03  -0.209791E+01   0.323758E+03
  0.488644E-01   0.281069E+03  -0.207318E+01   0.321894E+03
  0.491268E-01   0.286775E+03  -0.207210E+01   0.320270E+03
  0.493855E-01   0.291946E+03  -0.209698E+01   0.318869E+03
  0.496493E-01   0.296571E+03  -0.215592E+01   0.317656E+03
  0.499278E-01   0.300682E+03  -0.226000E+01   0.316581E+03
  0.502297E-01   0.304348E+03  -0.242614E+01   0.315582E+03
  0.505638E-01   0.307665E+03  -0.268034E+01   0.314591E+03
  0.509346E-01   0.310710E+03  -0.304098E+01   0.313559E+03
  0.513418E-01   0.313523E+03  -0.351777E+01   0.312466E+03
  0.517803E-01   0.316100E+03  -0.411147E+01   0.311326E+03
  0.522402E-01   0.318404E+03  -0.480411E+01   0.310178E+03
  0.527077E-01   0.320384E+03  -0.555549E+01   0.309078E+03
  0.531662E-01   0.321993E+03  -0.629799E+01   0.308082E+03
  0.536036E-01   0.323194E+03  -0.696683E+01   0.307241E+03
  0.540146E-01   0.323955E+03  -0.749802E+01   0.306590E+03
  0.544007E-01   0.324252E+03  -0.784131E+01   0.306151E+03
  0.547631E-01   0.324116E+03  -0.797682E+01   0.305919E+03
  0.550968E-01   0.323659E+03  -0.792853E+01   0.305854E+03
  0.553913E-01   0.323044E+03  -0.775664E+01   0.305891E+03
  0.556376E-01   0.322426E+03  -0.752726E+01   0.305970E+03
  0.558332E-01   0.321900E+03  -0.729107E+01   0.306050E+03
  0.559833E-01   0.321493E+03  -0.707608E+01   0.306114E+03
  0.790574E-01   0.388323E+03  -0.129069E+02   0.253794E+03
  0.718981E-01   0.411455E+03  -0.192608E+02   0.244535E+03
  0.663543E-01   0.429481E+03  -0.172697E+02   0.237084E+03
  0.625393E-01   0.441659E+03  -0.463174E+01   0.232029E+03
  0.608724E-01   0.442700E+03   0.173994E+02   0.231558E+03
  0.609586E-01   0.425504E+03   0.417103E+02   0.238412E+03
  0.606174E-01   0.390273E+03   0.557618E+02   0.252661E+03
  0.583908E-01   0.343985E+03   0.539822E+02   0.272585E+03
  0.546255E-01   0.301398E+03   0.398655E+02   0.293898E+03
  0.514719E-01   0.276431E+03   0.209485E+02   0.310386E+03
  0.501942E-01   0.271035E+03   0.489429E+01   0.316895E+03
  0.502090E-01   0.277622E+03  -0.326322E+01   0.315757E+03
  0.505961E-01   0.286894E+03  -0.481312E+01   0.312592E+03
  0.509017E-01   0.294158E+03  -0.379420E+01   0.310188E+03
  0.510975E-01   0.299464E+03  -0.283412E+01   0.308634E+03
  0.512568E-01   0.304039E+03  -0.241855E+01   0.307383E+03
  0.514142E-01   0.308446E+03  -0.227068E+01   0.306198E+03
  0.515741E-01   0.312721E+03  -0.219795E+01   0.305078E+03
  0.517370E-01   0.316786E+03  -0.215764E+01   0.304058E+03
  0.519050E-01   0.320558E+03  -0.214416E+01   0.303160E+03
  0.520822E-01   0.323983E+03  -0.215983E+01   0.302387E+03
  0.522760E-01   0.327035E+03  -0.221310E+01   0.301722E+03
  0.524941E-01   0.329726E+03  -0.231551E+01   0.301131E+03
  0.527437E-01   0.332105E+03  -0.248468E+01   0.300569E+03
  0.530315E-01   0.334237E+03  -0.274753E+01   0.299986E+03
  0.533600E-01   0.336177E+03  -0.312260E+01   0.299348E+03
  0.537271E-01   0.337945E+03  -0.361911E+01   0.298646E+03
  0.541267E-01   0.339527E+03  -0.423678E+01   0.297899E+03
  0.545481E-01   0.340885E+03  -0.495572E+01   0.297144E+03
  0.549778E-01   0.341980E+03  -0.573317E+01   0.296427E+03
  0.553999E-01   0.342785E+03  -0.649812E+01   0.295793E+03
  0.558030E-01   0.343283E+03  -0.718332E+01   0.295276E+03
  0.561823E-01   0.343463E+03  -0.772279E+01   0.294903E+03
  0.565393E-01   0.343316E+03  -0.806550E+01   0.294688E+03
  0.568751E-01   0.342874E+03  -0.819262E+01   0.294627E+03
  0.571847E-01   0.342223E+03  -0.813094E+01   0.294684E+03
  0.574588E-01   0.341492E+03  -0.794435E+01   0.294809E+03
  0.576888E-01   0.340799E+03  -0.770175E+01   0.294953E+03
  0.578724E-01   0.340214E+03  -0.745498E+01   0.295084E+03
  0.580139E-01   0.339755E+03  -0.723203E+01   0.295188E+03
  0.812901E-01   0.385129E+03  -0.666958E+01   0.254678E+03
  0.734378E-01   0.410173E+03  -0.968373E+01   0.244795E+03
  0.665216E-01   0.432130E+03  -0.721689E+01   0.235670E+03
  0.614336E-01   0.448278E+03   0.345345E+01   0.228684E+03
  0.591738E-01   0.453319E+03   0.225739E+02   0.226307E+03
  0.598532E-01   0.441945E+03   0.455550E+02   0.230817E+03
  0.613041E-01   0.414760E+03   0.604948E+02   0.242084E+03
  0.609745E-01   0.378083E+03   0.601298E+02   0.258207E+03
  0.584655E-01   0.343129E+03   0.456408E+02   0.275467E+03
  0.558172E-01   0.320584E+03   0.240658E+02   0.288743E+03
  0.544892E-01   0.315104E+03   0.575646E+01   0.293723E+03
  0.542581E-01   0.320285E+03  -0.333664E+01   0.292955E+03
  0.543974E-01   0.327504E+03  -0.504555E+01   0.290912E+03
  0.544988E-01   0.332657E+03  -0.392749E+01   0.289703E+03
  0.545171E-01   0.336003E+03  -0.288312E+01   0.289271E+03
  0.545084E-01   0.338718E+03  -0.243832E+01   0.289069E+03
  0.545065E-01   0.341317E+03  -0.228439E+01   0.288858E+03
  0.545189E-01   0.343840E+03  -0.220924E+01   0.288629E+03
  0.545475E-01   0.346223E+03  -0.216634E+01   0.288419E+03
  0.545944E-01   0.348406E+03  -0.215045E+01   0.288251E+03
  0.546632E-01   0.350343E+03  -0.216444E+01   0.288133E+03
  0.547602E-01   0.352014E+03  -0.221746E+01   0.288058E+03
  0.548919E-01   0.353423E+03  -0.232171E+01   0.288001E+03
  0.550640E-01   0.354603E+03  -0.249552E+01   0.287931E+03
  0.552810E-01   0.355601E+03  -0.276671E+01   0.287812E+03
  0.555434E-01   0.356450E+03  -0.315393E+01   0.287623E+03
  0.558474E-01   0.357160E+03  -0.366586E+01   0.287364E+03
  0.561859E-01   0.357711E+03  -0.430125E+01   0.287055E+03
  0.565483E-01   0.358075E+03  -0.503863E+01   0.286730E+03
  0.569217E-01   0.358228E+03  -0.583329E+01   0.286426E+03
  0.572906E-01   0.358170E+03  -0.661216E+01   0.286174E+03
  0.576451E-01   0.357906E+03  -0.730703E+01   0.285999E+03
  0.579803E-01   0.357446E+03  -0.785184E+01   0.285915E+03
  0.582976E-01   0.356797E+03  -0.819610E+01   0.285934E+03
  0.585975E-01   0.355989E+03  -0.832166E+01   0.286048E+03
  0.588752E-01   0.355091E+03  -0.825581E+01   0.286232E+03
  0.591221E-01   0.354198E+03  -0.806298E+01   0.286447E+03
  0.593305E-01   0.353392E+03  -0.781282E+01   0.286656E+03
  0.594981E-01   0.352721E+03  -0.755808E+01   0.286837E+03
  0.596282E-01   0.352191E+03  -0.732780E+01   0.286982E+03
  0.820279E-01   0.383477E+03  -0.142271E+01   0.255157E+03
  0.737897E-01   0.409676E+03  -0.352959E+00   0.244866E+03
  0.660965E-01   0.434008E+03   0.408896E+01   0.234695E+03
  0.602316E-01   0.452476E+03   0.133404E+02   0.226532E+03
  0.574725E-01   0.459924E+03   0.287334E+02   0.222923E+03
  0.584232E-01   0.451365E+03   0.482768E+02   0.226225E+03
  0.612220E-01   0.428428E+03   0.624849E+02   0.235834E+03
  0.626609E-01   0.398300E+03   0.631675E+02   0.249193E+03
  0.615121E-01   0.370075E+03   0.492077E+02   0.263127E+03
  0.594946E-01   0.351839E+03   0.265900E+02   0.273555E+03
  0.582031E-01   0.347938E+03   0.669229E+01   0.277030E+03
  0.577525E-01   0.352480E+03  -0.326131E+01   0.276097E+03
  0.576791E-01   0.358009E+03  -0.515684E+01   0.274531E+03
  0.576446E-01   0.361614E+03  -0.396857E+01   0.273848E+03
  0.575638E-01   0.363684E+03  -0.285628E+01   0.273922E+03
  0.574494E-01   0.365215E+03  -0.238971E+01   0.274268E+03
  0.573267E-01   0.366621E+03  -0.223494E+01   0.274660E+03
  0.572107E-01   0.367927E+03  -0.216250E+01   0.275066E+03
  0.571108E-01   0.369081E+03  -0.212187E+01   0.275492E+03
  0.570333E-01   0.370041E+03  -0.210778E+01   0.275942E+03
  0.569848E-01   0.370780E+03  -0.212345E+01   0.276413E+03
  0.569728E-01   0.371289E+03  -0.217861E+01   0.276890E+03
  0.570042E-01   0.371577E+03  -0.228596E+01   0.277351E+03
  0.570836E-01   0.371670E+03  -0.246432E+01   0.277769E+03
  0.572141E-01   0.371602E+03  -0.274209E+01   0.278120E+03
  0.573942E-01   0.371397E+03  -0.313777E+01   0.278391E+03
  0.576189E-01   0.371056E+03  -0.365939E+01   0.278587E+03
  0.578806E-01   0.370566E+03  -0.430481E+01   0.278728E+03
  0.581691E-01   0.369910E+03  -0.505124E+01   0.278842E+03
  0.584726E-01   0.369088E+03  -0.585273E+01   0.278957E+03
  0.587766E-01   0.368128E+03  -0.663518E+01   0.279090E+03
  0.590721E-01   0.367060E+03  -0.733073E+01   0.279256E+03
  0.593546E-01   0.365918E+03  -0.787453E+01   0.279461E+03
  0.596249E-01   0.364722E+03  -0.821795E+01   0.279712E+03
  0.598827E-01   0.363501E+03  -0.834396E+01   0.280002E+03
  0.601230E-01   0.362312E+03  -0.827929E+01   0.280312E+03
  0.603383E-01   0.361214E+03  -0.808698E+01   0.280617E+03
  0.605213E-01   0.360263E+03  -0.783538E+01   0.280891E+03
  0.606697E-01   0.359480E+03  -0.757722E+01   0.281121E+03
  0.607860E-01   0.358860E+03  -0.734252E+01   0.281306E+03
  0.816627E-01   0.384640E+03   0.374546E+01   0.254706E+03
  0.731042E-01   0.411785E+03   0.928578E+01   0.243964E+03
  0.651381E-01   0.436834E+03   0.161449E+02   0.233352E+03
  0.589991E-01   0.456073E+03   0.245189E+02   0.224689E+03
  0.560207E-01   0.464616E+03   0.357213E+02   0.220499E+03
  0.571196E-01   0.457445E+03   0.503183E+02   0.223255E+03
  0.608368E-01   0.436577E+03   0.625448E+02   0.232069E+03
  0.637101E-01   0.410540E+03   0.640551E+02   0.243583E+03
  0.638794E-01   0.387381E+03   0.510854E+02   0.254982E+03
  0.625546E-01   0.373103E+03   0.282734E+02   0.263136E+03
  0.612925E-01   0.371039E+03   0.747873E+01   0.265369E+03
  0.605900E-01   0.375483E+03  -0.311162E+01   0.264173E+03
  0.602950E-01   0.379992E+03  -0.517708E+01   0.262814E+03
  0.601520E-01   0.382570E+03  -0.395609E+01   0.262368E+03
  0.600218E-01   0.383767E+03  -0.279825E+01   0.262645E+03
  0.598540E-01   0.384484E+03  -0.231314E+01   0.263232E+03
  0.596547E-01   0.385049E+03  -0.215460E+01   0.263944E+03
  0.594434E-01   0.385459E+03  -0.208257E+01   0.264743E+03
  0.592370E-01   0.385666E+03  -0.204335E+01   0.265614E+03
  0.590487E-01   0.385641E+03  -0.203088E+01   0.266537E+03
  0.588897E-01   0.385373E+03  -0.204825E+01   0.267486E+03
  0.587712E-01   0.384867E+03  -0.210539E+01   0.268434E+03
  0.587013E-01   0.384140E+03  -0.221513E+01   0.269352E+03
  0.586847E-01   0.383219E+03  -0.239638E+01   0.270215E+03
  0.587235E-01   0.382128E+03  -0.267760E+01   0.271003E+03
  0.588150E-01   0.380886E+03  -0.307679E+01   0.271709E+03
  0.589535E-01   0.379493E+03  -0.360122E+01   0.272340E+03
  0.591315E-01   0.377944E+03  -0.424780E+01   0.272912E+03
  0.593398E-01   0.376242E+03  -0.499277E+01   0.273447E+03
  0.595675E-01   0.374410E+03  -0.578955E+01   0.273963E+03
  0.598018E-01   0.372510E+03  -0.656396E+01   0.274463E+03
  0.600345E-01   0.370600E+03  -0.724964E+01   0.274953E+03
  0.602611E-01   0.368736E+03  -0.778393E+01   0.275432E+03
  0.604818E-01   0.366952E+03  -0.812099E+01   0.275901E+03
  0.606953E-01   0.365280E+03  -0.824515E+01   0.276357E+03
  0.608962E-01   0.363759E+03  -0.818227E+01   0.276787E+03
  0.610778E-01   0.362424E+03  -0.799322E+01   0.277177E+03
  0.612335E-01   0.361298E+03  -0.774399E+01   0.277512E+03
  0.613611E-01   0.360382E+03  -0.748635E+01   0.277788E+03
  0.614624E-01   0.359656E+03  -0.725074E+01   0.278009E+03
  0.801014E-01   0.388809E+03   0.971850E+01   0.253235E+03
  0.712877E-01   0.416535E+03   0.200307E+02   0.242021E+03
  0.635305E-01   0.440791E+03   0.293376E+02   0.231487E+03
  0.576762E-01   0.459168E+03   0.366271E+02   0.223055E+03
  0.548691E-01   0.467571E+03   0.430802E+02   0.218953E+03
  0.561233E-01   0.461157E+03   0.517197E+02   0.221532E+03
  0.603919E-01   0.441549E+03   0.611752E+02   0.229894E+03
  0.643248E-01   0.418010E+03   0.633922E+02   0.240187E+03
  0.656799E-01   0.398315E+03   0.516908E+02   0.249758E+03
  0.650555E-01   0.387119E+03   0.292475E+02   0.256187E+03
  0.638078E-01   0.386689E+03   0.809863E+01   0.257446E+03
  0.628030E-01   0.391349E+03  -0.289133E+01   0.255996E+03
  0.622514E-01   0.395262E+03  -0.511477E+01   0.254773E+03
  0.619885E-01   0.397080E+03  -0.390492E+01   0.254523E+03
  0.618142E-01   0.397564E+03  -0.272564E+01   0.254962E+03
  0.616081E-01   0.397587E+03  -0.222484E+01   0.255715E+03
  0.613521E-01   0.397419E+03  -0.205854E+01   0.256640E+03
  0.610666E-01   0.397032E+03  -0.198287E+01   0.257710E+03
  0.607742E-01   0.396377E+03  -0.194197E+01   0.258904E+03
  0.604931E-01   0.395436E+03  -0.192878E+01   0.260183E+03
  0.602395E-01   0.394215E+03  -0.194600E+01   0.261505E+03
  0.600273E-01   0.392730E+03  -0.200333E+01   0.262832E+03
  0.598665E-01   0.391008E+03  -0.211335E+01   0.264128E+03
  0.597622E-01   0.389078E+03  -0.229458E+01   0.265367E+03
  0.597158E-01   0.386956E+03  -0.257494E+01   0.266534E+03
  0.597235E-01   0.384657E+03  -0.297154E+01   0.267622E+03
  0.597796E-01   0.382183E+03  -0.349065E+01   0.268639E+03
  0.598772E-01   0.379539E+03  -0.412822E+01   0.269598E+03
  0.600083E-01   0.376747E+03  -0.485976E+01   0.270512E+03
  0.601637E-01   0.373862E+03  -0.563864E+01   0.271387E+03
  0.603315E-01   0.370978E+03  -0.639165E+01   0.272217E+03
  0.605047E-01   0.368184E+03  -0.705499E+01   0.272996E+03
  0.606787E-01   0.365559E+03  -0.756918E+01   0.273718E+03
  0.608525E-01   0.363151E+03  -0.789180E+01   0.274381E+03
  0.610239E-01   0.360991E+03  -0.800890E+01   0.274983E+03
  0.611872E-01   0.359105E+03  -0.794539E+01   0.275518E+03
  0.613364E-01   0.357502E+03  -0.775967E+01   0.275980E+03
  0.614657E-01   0.356178E+03  -0.751468E+01   0.276367E+03
  0.615730E-01   0.355111E+03  -0.726056E+01   0.276682E+03
  0.616594E-01   0.354265E+03  -0.702746E+01   0.276933E+03
  0.766774E-01   0.395598E+03   0.178782E+02   0.250873E+03
  0.679712E-01   0.423002E+03   0.331431E+02   0.239356E+03
  0.611173E-01   0.444696E+03   0.439389E+02   0.229590E+03
  0.561891E-01   0.460668E+03   0.490514E+02   0.222164E+03
  0.539870E-01   0.467911E+03   0.500312E+02   0.218762E+03
  0.554500E-01   0.462108E+03   0.522950E+02   0.221297E+03
  0.599468E-01   0.443996E+03   0.587267E+02   0.229076E+03
  0.645921E-01   0.422261E+03   0.616201E+02   0.238412E+03
  0.669900E-01   0.404771E+03   0.513252E+02   0.246701E+03
  0.670468E-01   0.395764E+03   0.296499E+02   0.251870E+03
  0.657958E-01   0.396687E+03   0.860237E+01   0.252378E+03
  0.644431E-01   0.401686E+03  -0.258286E+01   0.250724E+03
  0.635868E-01   0.405130E+03  -0.496117E+01   0.249676E+03
  0.631679E-01   0.406192E+03  -0.380776E+01   0.249704E+03
  0.629239E-01   0.405893E+03  -0.263252E+01   0.250400E+03
  0.626632E-01   0.405129E+03  -0.212082E+01   0.251391E+03
  0.623441E-01   0.404131E+03  -0.194459E+01   0.252558E+03
  0.619876E-01   0.402851E+03  -0.186251E+01   0.253889E+03
  0.616203E-01   0.401244E+03  -0.181757E+01   0.255359E+03
  0.612631E-01   0.399305E+03  -0.180165E+01   0.256925E+03
  0.609341E-01   0.397058E+03  -0.181683E+01   0.258538E+03
  0.606487E-01   0.394531E+03  -0.187233E+01   0.260156E+03
  0.604171E-01   0.391756E+03  -0.198008E+01   0.261742E+03
  0.602438E-01   0.388760E+03  -0.215773E+01   0.263272E+03
  0.601292E-01   0.385555E+03  -0.243211E+01   0.264736E+03
  0.600689E-01   0.382145E+03  -0.281897E+01   0.266131E+03
  0.600571E-01   0.378537E+03  -0.332336E+01   0.267463E+03
  0.600880E-01   0.374745E+03  -0.394018E+01   0.268741E+03
  0.601549E-01   0.370814E+03  -0.464448E+01   0.269968E+03
  0.602502E-01   0.366826E+03  -0.539025E+01   0.271142E+03
  0.603632E-01   0.362914E+03  -0.610643E+01   0.272244E+03
  0.604874E-01   0.359197E+03  -0.673288E+01   0.273261E+03
  0.606181E-01   0.355777E+03  -0.721430E+01   0.274180E+03
  0.607531E-01   0.352712E+03  -0.751245E+01   0.274999E+03
  0.608892E-01   0.350036E+03  -0.761536E+01   0.275716E+03
  0.610204E-01   0.347763E+03  -0.754695E+01   0.276330E+03
  0.611416E-01   0.345871E+03  -0.736300E+01   0.276847E+03
  0.612479E-01   0.344333E+03  -0.712300E+01   0.277271E+03
  0.613374E-01   0.343101E+03  -0.687467E+01   0.277613E+03
  0.614110E-01   0.342125E+03  -0.664723E+01   0.277885E+03
  0.696304E-01   0.401015E+03   0.300598E+02   0.248332E+03
  0.624054E-01   0.425767E+03   0.493945E+02   0.237503E+03
  0.575853E-01   0.443194E+03   0.592208E+02   0.229546E+03
  0.543131E-01   0.456115E+03   0.603525E+02   0.223790E+03
  0.531360E-01   0.462118E+03   0.553725E+02   0.221402E+03
  0.548536E-01   0.457633E+03   0.517411E+02   0.223667E+03
  0.593069E-01   0.442361E+03   0.554836E+02   0.230258E+03
  0.644074E-01   0.422904E+03   0.590537E+02   0.238431E+03
  0.677630E-01   0.407089E+03   0.501866E+02   0.245685E+03
  0.684953E-01   0.399693E+03   0.295821E+02   0.249891E+03
  0.672319E-01   0.401751E+03   0.903040E+01   0.249820E+03
  0.654904E-01   0.407027E+03  -0.215738E+01   0.248061E+03
  0.642726E-01   0.409809E+03  -0.468394E+01   0.247314E+03
  0.636504E-01   0.409857E+03  -0.363647E+01   0.247761E+03
  0.633007E-01   0.408500E+03  -0.249581E+01   0.248854E+03
  0.629608E-01   0.406686E+03  -0.198228E+01   0.250191E+03
  0.625667E-01   0.404612E+03  -0.179776E+01   0.251669E+03
  0.621404E-01   0.402220E+03  -0.170982E+01   0.253278E+03
  0.617108E-01   0.399469E+03  -0.166123E+01   0.254999E+03
  0.612988E-01   0.396372E+03  -0.164258E+01   0.256791E+03
  0.609212E-01   0.392966E+03  -0.165524E+01   0.258610E+03
  0.605917E-01   0.389289E+03  -0.170768E+01   0.260419E+03
  0.603186E-01   0.385375E+03  -0.181089E+01   0.262192E+03
  0.601047E-01   0.381244E+03  -0.198127E+01   0.263910E+03
  0.599487E-01   0.376895E+03  -0.224394E+01   0.265571E+03
  0.598456E-01   0.372323E+03  -0.261289E+01   0.267175E+03
  0.597899E-01   0.367534E+03  -0.309173E+01   0.268728E+03
  0.597767E-01   0.362552E+03  -0.367422E+01   0.270233E+03
  0.598008E-01   0.357443E+03  -0.433544E+01   0.271687E+03
  0.598559E-01   0.352321E+03  -0.503095E+01   0.273077E+03
  0.599323E-01   0.347356E+03  -0.569251E+01   0.274375E+03
  0.600243E-01   0.342694E+03  -0.626516E+01   0.275560E+03
  0.601263E-01   0.338462E+03  -0.669897E+01   0.276615E+03
  0.602359E-01   0.334731E+03  -0.695786E+01   0.277537E+03
  0.603483E-01   0.331532E+03  -0.703491E+01   0.278326E+03
  0.604563E-01   0.328865E+03  -0.695815E+01   0.278984E+03
  0.605566E-01   0.326683E+03  -0.677643E+01   0.279527E+03
  0.606454E-01   0.324928E+03  -0.654434E+01   0.279966E+03
  0.607214E-01   0.323532E+03  -0.630594E+01   0.280317E+03
  0.607857E-01   0.322425E+03  -0.608811E+01   0.280597E+03
  0.551958E-01   0.384587E+03   0.459242E+02   0.249701E+03
  0.531468E-01   0.400848E+03   0.659984E+02   0.243653E+03
  0.519183E-01   0.415666E+03   0.712204E+02   0.238459E+03
  0.510158E-01   0.429468E+03   0.672331E+02   0.233814E+03
  0.512669E-01   0.437599E+03   0.571802E+02   0.231565E+03
  0.533470E-01   0.437678E+03   0.495248E+02   0.232390E+03
  0.576828E-01   0.428986E+03   0.515532E+02   0.236306E+03
  0.632202E-01   0.414867E+03   0.557813E+02   0.242128E+03
  0.676211E-01   0.402186E+03   0.482845E+02   0.247830E+03
  0.691161E-01   0.396914E+03   0.290450E+02   0.250947E+03
  0.678813E-01   0.400248E+03   0.939146E+01   0.250327E+03
  0.657453E-01   0.405743E+03  -0.158126E+01   0.248536E+03
  0.641348E-01   0.407503E+03  -0.422935E+01   0.248208E+03
  0.632838E-01   0.406133E+03  -0.334403E+01   0.249177E+03
  0.628156E-01   0.403352E+03  -0.227921E+01   0.250736E+03
  0.623980E-01   0.400181E+03  -0.178106E+01   0.252448E+03
  0.619443E-01   0.396783E+03  -0.159598E+01   0.254216E+03
  0.614749E-01   0.393083E+03  -0.150758E+01   0.256041E+03
  0.610178E-01   0.389040E+03  -0.145942E+01   0.257915E+03
  0.605907E-01   0.384679E+03  -0.144084E+01   0.259812E+03
  0.602060E-01   0.380046E+03  -0.145239E+01   0.261703E+03
  0.598734E-01   0.375178E+03  -0.150164E+01   0.263566E+03
  0.595979E-01   0.370103E+03  -0.159846E+01   0.265388E+03
  0.593799E-01   0.364831E+03  -0.175765E+01   0.267163E+03
  0.592168E-01   0.359339E+03  -0.200237E+01   0.268895E+03
  0.591032E-01   0.353612E+03  -0.234410E+01   0.270587E+03
  0.590338E-01   0.347651E+03  -0.278466E+01   0.272243E+03
  0.590050E-01   0.341489E+03  -0.331674E+01   0.273864E+03
  0.590137E-01   0.335214E+03  -0.391351E+01   0.275437E+03
  0.590556E-01   0.328974E+03  -0.452959E+01   0.276941E+03
  0.591189E-01   0.322971E+03  -0.511455E+01   0.278339E+03
  0.591993E-01   0.317387E+03  -0.561559E+01   0.279603E+03
  0.592911E-01   0.312374E+03  -0.598927E+01   0.280713E+03
  0.593902E-01   0.308019E+03  -0.620241E+01   0.281663E+03
  0.594916E-01   0.304347E+03  -0.625258E+01   0.282458E+03
  0.595894E-01   0.301332E+03  -0.617012E+01   0.283109E+03
  0.596799E-01   0.298900E+03  -0.599579E+01   0.283635E+03
  0.597602E-01   0.296965E+03  -0.577766E+01   0.284054E+03
  0.598300E-01   0.295433E+03  -0.555456E+01   0.284389E+03
  0.598903E-01   0.294216E+03  -0.534988E+01   0.284656E+03
  0.305611E-01   0.120798E+03   0.526370E+02   0.310505E+03
  0.369623E-01   0.208852E+03   0.644405E+02   0.297583E+03
  0.407270E-01   0.273017E+03   0.664853E+02   0.283835E+03
  0.431362E-01   0.328710E+03   0.601814E+02   0.269189E+03
  0.457207E-01   0.359538E+03   0.499326E+02   0.260449E+03
  0.488907E-01   0.376687E+03   0.431792E+02   0.255529E+03
  0.536801E-01   0.385189E+03   0.460250E+02   0.253154E+03
  0.600916E-01   0.385421E+03   0.513545E+02   0.253548E+03
  0.658472E-01   0.381634E+03   0.452757E+02   0.255769E+03
  0.683071E-01   0.381378E+03   0.277478E+02   0.256891E+03
  0.672332E-01   0.387034E+03   0.946188E+01   0.255445E+03
  0.647989E-01   0.392950E+03  -0.961433E+00   0.253545E+03
  0.628758E-01   0.393508E+03  -0.360576E+01   0.253536E+03
  0.618664E-01   0.390557E+03  -0.291384E+01   0.254870E+03
  0.613462E-01   0.386283E+03  -0.197103E+01   0.256698E+03
  0.609212E-01   0.381780E+03  -0.151496E+01   0.258557E+03
  0.604814E-01   0.377154E+03  -0.134336E+01   0.260368E+03
  0.600417E-01   0.372284E+03  -0.126325E+01   0.262159E+03
  0.596255E-01   0.367114E+03  -0.122159E+01   0.263944E+03
  0.592452E-01   0.361669E+03  -0.120693E+01   0.265718E+03
  0.589085E-01   0.355990E+03  -0.121924E+01   0.267473E+03
  0.586213E-01   0.350109E+03  -0.126534E+01   0.269204E+03
  0.583862E-01   0.344039E+03  -0.135395E+01   0.270908E+03
  0.582023E-01   0.337773E+03  -0.149805E+01   0.272586E+03
  0.580678E-01   0.331276E+03  -0.171447E+01   0.274245E+03
  0.579760E-01   0.324506E+03  -0.201586E+01   0.275892E+03
  0.579227E-01   0.317456E+03  -0.240326E+01   0.277529E+03
  0.579061E-01   0.310174E+03  -0.286709E+01   0.279146E+03
  0.579248E-01   0.302791E+03  -0.338048E+01   0.280720E+03
  0.579760E-01   0.295518E+03  -0.390038E+01   0.282214E+03
  0.580514E-01   0.288603E+03  -0.439597E+01   0.283586E+03
  0.581453E-01   0.282268E+03  -0.481893E+01   0.284803E+03
  0.582507E-01   0.276674E+03  -0.513256E+01   0.285848E+03
  0.583617E-01   0.271898E+03  -0.530844E+01   0.286721E+03
  0.584720E-01   0.267941E+03  -0.534392E+01   0.287435E+03
  0.585759E-01   0.264739E+03  -0.526395E+01   0.288008E+03
  0.586698E-01   0.262191E+03  -0.510338E+01   0.288463E+03
  0.587524E-01   0.260179E+03  -0.490292E+01   0.288824E+03
  0.588240E-01   0.258590E+03  -0.469556E+01   0.289112E+03
  0.588863E-01   0.257322E+03  -0.450158E+01   0.289344E+03
  0.344435E-01   0.241983E+02  -0.371941E+02   0.303649E+03
  0.355614E-01   0.864280E+02   0.837057E+01   0.306560E+03
  0.374804E-01   0.145151E+03   0.325113E+02   0.303901E+03
  0.393165E-01   0.191249E+03   0.365396E+02   0.298839E+03
  0.412432E-01   0.230228E+03   0.338449E+02   0.292814E+03
  0.438581E-01   0.264350E+03   0.320722E+02   0.286375E+03
  0.483139E-01   0.295640E+03   0.372230E+02   0.279726E+03
  0.550870E-01   0.319028E+03   0.440961E+02   0.274497E+03
  0.619681E-01   0.331505E+03   0.402157E+02   0.272101E+03
  0.654668E-01   0.341082E+03   0.253367E+02   0.270220E+03
  0.648061E-01   0.351727E+03   0.916324E+01   0.267278E+03
  0.623663E-01   0.359807E+03  -0.321508E+00   0.264658E+03
  0.604134E-01   0.360967E+03  -0.284859E+01   0.264187E+03
  0.594454E-01   0.357615E+03  -0.237432E+01   0.265241E+03
  0.590142E-01   0.352628E+03  -0.158676E+01   0.266811E+03
  0.586976E-01   0.347415E+03  -0.119181E+01   0.268352E+03
  0.583729E-01   0.342115E+03  -0.104376E+01   0.269789E+03
  0.580492E-01   0.336579E+03  -0.977555E+00   0.271178E+03
  0.577462E-01   0.330753E+03  -0.942757E+00   0.272559E+03
  0.574717E-01   0.324656E+03  -0.931020E+00   0.273946E+03
  0.572310E-01   0.318327E+03  -0.942886E+00   0.275345E+03
  0.570292E-01   0.311795E+03  -0.982842E+00   0.276755E+03
  0.568693E-01   0.305068E+03  -0.105795E+01   0.278175E+03
  0.567510E-01   0.298126E+03  -0.117864E+01   0.279607E+03
  0.566732E-01   0.290929E+03  -0.135481E+01   0.281052E+03
  0.566323E-01   0.283442E+03  -0.159957E+01   0.282510E+03
  0.566263E-01   0.275676E+03  -0.191372E+01   0.283972E+03
  0.566554E-01   0.267716E+03  -0.228766E+01   0.285418E+03
  0.567197E-01   0.259742E+03  -0.270079E+01   0.286815E+03
  0.568169E-01   0.252006E+03  -0.312039E+01   0.288118E+03
  0.569379E-01   0.244769E+03  -0.352314E+01   0.289289E+03
  0.570747E-01   0.238240E+03  -0.387087E+01   0.290306E+03
  0.572180E-01   0.232551E+03  -0.413250E+01   0.291160E+03
  0.573601E-01   0.227748E+03  -0.428235E+01   0.291862E+03
  0.574942E-01   0.223803E+03  -0.431535E+01   0.292426E+03
  0.576151E-01   0.220632E+03  -0.424893E+01   0.292875E+03
  0.577206E-01   0.218117E+03  -0.410974E+01   0.293230E+03
  0.578110E-01   0.216133E+03  -0.392945E+01   0.293513E+03
  0.578883E-01   0.214557E+03  -0.373424E+01   0.293741E+03
  0.579549E-01   0.213287E+03  -0.354185E+01   0.293930E+03
  0.374386E-01   0.267251E+01  -0.612208E+02   0.301523E+03
  0.376769E-01   0.167003E+02  -0.311505E+02   0.304546E+03
  0.378946E-01   0.485217E+02  -0.326245E+01   0.306586E+03
  0.385570E-01   0.890552E+02   0.108662E+02   0.306937E+03
  0.397695E-01   0.125585E+03   0.158867E+02   0.305483E+03
  0.416282E-01   0.157796E+03   0.187959E+02   0.303173E+03
  0.450867E-01   0.190933E+03   0.260024E+02   0.300156E+03
  0.510495E-01   0.224458E+03   0.342302E+02   0.296320E+03
  0.578380E-01   0.252089E+03   0.327075E+02   0.292363E+03
  0.617007E-01   0.273428E+03   0.210544E+02   0.288461E+03
  0.613233E-01   0.290737E+03   0.779011E+01   0.284246E+03
  0.589821E-01   0.301892E+03  -0.106182E+00   0.280798E+03
  0.571759E-01   0.304772E+03  -0.219132E+01   0.279315E+03
  0.564073E-01   0.301665E+03  -0.180945E+01   0.279463E+03
  0.561882E-01   0.296442E+03  -0.116511E+01   0.280163E+03
  0.560794E-01   0.291022E+03  -0.843011E+00   0.280844E+03
  0.559482E-01   0.285604E+03  -0.723348E+00   0.281462E+03
  0.557987E-01   0.279994E+03  -0.670113E+00   0.282103E+03
  0.556499E-01   0.274114E+03  -0.639752E+00   0.282816E+03
  0.555118E-01   0.267983E+03  -0.628044E+00   0.283610E+03
  0.553920E-01   0.261631E+03  -0.635911E+00   0.284480E+03
  0.552979E-01   0.255077E+03  -0.665098E+00   0.285417E+03
  0.552344E-01   0.248315E+03  -0.720340E+00   0.286410E+03
  0.552035E-01   0.241317E+03  -0.808929E+00   0.287451E+03
  0.552064E-01   0.234049E+03  -0.937969E+00   0.288530E+03
  0.552422E-01   0.226499E+03  -0.111739E+01   0.289636E+03
  0.553108E-01   0.218712E+03  -0.134784E+01   0.290750E+03
  0.554135E-01   0.210805E+03  -0.162361E+01   0.291844E+03
  0.555500E-01   0.202964E+03  -0.193166E+01   0.292888E+03
  0.557160E-01   0.195420E+03  -0.224917E+01   0.293849E+03
  0.559003E-01   0.188394E+03  -0.255955E+01   0.294702E+03
  0.560926E-01   0.182060E+03  -0.283267E+01   0.295436E+03
  0.562823E-01   0.176532E+03  -0.304182E+01   0.296049E+03
  0.564613E-01   0.171851E+03  -0.316343E+01   0.296549E+03
  0.566231E-01   0.167995E+03  -0.318968E+01   0.296950E+03
  0.567638E-01   0.164888E+03  -0.313043E+01   0.297269E+03
  0.568830E-01   0.162420E+03  -0.300330E+01   0.297522E+03
  0.569824E-01   0.160468E+03  -0.283068E+01   0.297725E+03
  0.570657E-01   0.158917E+03  -0.263114E+01   0.297890E+03
  0.571360E-01   0.157665E+03  -0.241996E+01   0.298029E+03
  0.393023E-01  -0.580730E+01  -0.561758E+02   0.301556E+03
  0.391697E-01  -0.132129E+02  -0.371149E+02   0.304306E+03
  0.392287E-01  -0.113149E+02  -0.177898E+02   0.306150E+03
  0.393430E-01   0.935678E+00  -0.576068E+01   0.307466E+03
  0.397225E-01   0.254695E+02   0.133284E+01   0.308989E+03
  0.409352E-01   0.564425E+02   0.671199E+01   0.309720E+03
  0.437625E-01   0.943965E+02   0.151243E+02   0.309864E+03
  0.490470E-01   0.135928E+03   0.240156E+02   0.308917E+03
  0.553624E-01   0.170682E+03   0.243744E+02   0.306628E+03
  0.589803E-01   0.198007E+03   0.159437E+02   0.303231E+03
  0.585146E-01   0.218384E+03   0.589135E+01   0.299135E+03
  0.562067E-01   0.230554E+03  -0.153181E+00   0.295303E+03
  0.545632E-01   0.234425E+03  -0.169544E+01   0.292786E+03
  0.540186E-01   0.231850E+03  -0.133989E+01   0.291732E+03
  0.540168E-01   0.226998E+03  -0.815353E+00   0.291335E+03
  0.540893E-01   0.221923E+03  -0.554661E+00   0.291118E+03
  0.541041E-01   0.216872E+03  -0.453974E+00   0.291014E+03
  0.540765E-01   0.211694E+03  -0.407024E+00   0.291052E+03
  0.540345E-01   0.206333E+03  -0.379803E+00   0.291237E+03
  0.539932E-01   0.200804E+03  -0.367717E+00   0.291554E+03
  0.539633E-01   0.195120E+03  -0.370155E+00   0.291980E+03
  0.539540E-01   0.189272E+03  -0.387352E+00   0.292494E+03
  0.539715E-01   0.183234E+03  -0.421777E+00   0.293079E+03
  0.540189E-01   0.176967E+03  -0.477961E+00   0.293720E+03
  0.540984E-01   0.170433E+03  -0.560667E+00   0.294404E+03
  0.542094E-01   0.163613E+03  -0.677822E+00   0.295117E+03
  0.543514E-01   0.156534E+03  -0.830088E+00   0.295842E+03
  0.545251E-01   0.149285E+03  -0.101486E+01   0.296559E+03
  0.547289E-01   0.142018E+03  -0.122449E+01   0.297244E+03
  0.549566E-01   0.134927E+03  -0.144320E+01   0.297876E+03
  0.551958E-01   0.128215E+03  -0.165915E+01   0.298439E+03
  0.554354E-01   0.122062E+03  -0.184993E+01   0.298922E+03
  0.556646E-01   0.116604E+03  -0.199474E+01   0.299325E+03
  0.558752E-01   0.111920E+03  -0.207442E+01   0.299653E+03
  0.560614E-01   0.108024E+03  -0.208085E+01   0.299915E+03
  0.562199E-01   0.104869E+03  -0.201901E+01   0.300121E+03
  0.563511E-01   0.102368E+03  -0.189954E+01   0.300282E+03
  0.564582E-01   0.100421E+03  -0.173456E+01   0.300409E+03
  0.565454E-01   0.989086E+02  -0.153342E+01   0.300510E+03
  0.566168E-01   0.977269E+02  -0.130671E+01   0.300593E+03
  0.403194E-01  -0.113026E+02  -0.408980E+02   0.301921E+03
  0.399806E-01  -0.306929E+02  -0.287125E+02   0.304114E+03
  0.399989E-01  -0.433404E+02  -0.163299E+02   0.305277E+03
  0.401776E-01  -0.483354E+02  -0.910882E+01   0.306145E+03
  0.405789E-01  -0.458158E+02  -0.483518E+01   0.307259E+03
  0.414789E-01  -0.332152E+02  -0.103019E+01   0.308842E+03
  0.437444E-01  -0.846213E+00   0.574180E+01   0.311452E+03
  0.484252E-01   0.512044E+02   0.144703E+02   0.314131E+03
  0.543080E-01   0.994808E+02   0.163853E+02   0.313512E+03
  0.577467E-01   0.134270E+03   0.110074E+02   0.310543E+03
  0.572363E-01   0.156752E+03   0.406124E+01   0.306454E+03
  0.549580E-01   0.168446E+03  -0.210902E+00   0.302323E+03
  0.533493E-01   0.170984E+03  -0.125975E+01   0.299509E+03
  0.528654E-01   0.167288E+03  -0.951182E+00   0.298072E+03
  0.529238E-01   0.161704E+03  -0.541070E+00   0.297323E+03
  0.530418E-01   0.156281E+03  -0.333954E+00   0.296843E+03
  0.530935E-01   0.151289E+03  -0.251557E+00   0.296526E+03
  0.531025E-01   0.146551E+03  -0.214071E+00   0.296359E+03
  0.531003E-01   0.141935E+03  -0.193345E+00   0.296326E+03
  0.531028E-01   0.137366E+03  -0.183757E+00   0.296405E+03
  0.531201E-01   0.132778E+03  -0.183587E+00   0.296575E+03
  0.531608E-01   0.128106E+03  -0.192165E+00   0.296817E+03
  0.532303E-01   0.123287E+03  -0.210519E+00   0.297116E+03
  0.533314E-01   0.118256E+03  -0.241173E+00   0.297459E+03
  0.534654E-01   0.112949E+03  -0.286889E+00   0.297837E+03
  0.536313E-01   0.107310E+03  -0.352690E+00   0.298241E+03
  0.538270E-01   0.101278E+03  -0.439783E+00   0.298662E+03
  0.540529E-01   0.949729E+02  -0.546800E+00   0.299081E+03
  0.543063E-01   0.885173E+02  -0.668976E+00   0.299483E+03
  0.545799E-01   0.820997E+02  -0.796291E+00   0.299852E+03
  0.548606E-01   0.759362E+02  -0.921534E+00   0.300176E+03
  0.551366E-01   0.702311E+02  -0.103056E+01   0.300449E+03
  0.553968E-01   0.651522E+02  -0.111002E+01   0.300671E+03
  0.556332E-01   0.608062E+02  -0.114719E+01   0.300846E+03
  0.558399E-01   0.572282E+02  -0.113587E+01   0.300981E+03
  0.560145E-01   0.543835E+02  -0.107839E+01   0.301084E+03
  0.561577E-01   0.521870E+02  -0.980338E+00   0.301163E+03
  0.562727E-01   0.505303E+02  -0.845213E+00   0.301223E+03
  0.563640E-01   0.493025E+02  -0.674227E+00   0.301270E+03
  0.564361E-01   0.484039E+02  -0.470885E+00   0.301309E+03
  0.405980E-01  -0.143406E+02  -0.238919E+02   0.301809E+03
  0.402785E-01  -0.396825E+02  -0.170973E+02   0.303277E+03
  0.403663E-01  -0.588468E+02  -0.102291E+02   0.303732E+03
  0.406307E-01  -0.711469E+02  -0.649601E+01   0.303972E+03
  0.411585E-01  -0.772947E+02  -0.456389E+01   0.304460E+03
  0.422447E-01  -0.758921E+02  -0.311327E+01   0.305585E+03
  0.446356E-01  -0.603685E+02   0.384769E+00   0.308056E+03
  0.490171E-01  -0.199235E+02   0.679097E+01   0.311953E+03
  0.544280E-01   0.378855E+02   0.949375E+01   0.313960E+03
  0.576674E-01   0.813403E+02   0.666776E+01   0.311585E+03
  0.571062E-01   0.108031E+03   0.245439E+01   0.307439E+03
  0.547493E-01   0.119317E+03  -0.215433E+00   0.303609E+03
  0.530195E-01   0.119512E+03  -0.830261E+00   0.301394E+03
  0.524653E-01   0.113557E+03  -0.585324E+00   0.300332E+03
  0.524899E-01   0.106739E+03  -0.300458E+00   0.299758E+03
  0.525907E-01   0.101189E+03  -0.163017E+00   0.299360E+03
  0.526364E-01   0.968612E+02  -0.112648E+00   0.299068E+03
  0.526487E-01   0.931848E+02  -0.923242E-01   0.298880E+03
  0.526575E-01   0.898104E+02  -0.818400E-01   0.298785E+03
  0.526772E-01   0.865632E+02  -0.770703E-01   0.298767E+03
  0.527167E-01   0.833357E+02  -0.768424E-01   0.298812E+03
  0.527834E-01   0.800474E+02  -0.806671E-01   0.298905E+03
  0.528819E-01   0.766306E+02  -0.889894E-01   0.299037E+03
  0.530141E-01   0.730190E+02  -0.103059E+00   0.299199E+03
  0.531811E-01   0.691500E+02  -0.124111E+00   0.299384E+03
  0.533809E-01   0.649679E+02  -0.154451E+00   0.299585E+03
  0.536115E-01   0.604377E+02  -0.195639E+00   0.299798E+03
  0.538717E-01   0.555974E+02  -0.246853E+00   0.300011E+03
  0.541578E-01   0.505497E+02  -0.305256E+00   0.300214E+03
  0.544616E-01   0.454640E+02  -0.365510E+00   0.300399E+03
  0.547691E-01   0.405371E+02  -0.424379E+00   0.300559E+03
  0.550684E-01   0.359570E+02  -0.474687E+00   0.300690E+03
  0.553482E-01   0.318816E+02  -0.509658E+00   0.300793E+03
  0.556006E-01   0.284158E+02  -0.522397E+00   0.300871E+03
  0.558203E-01   0.256011E+02  -0.509178E+00   0.300929E+03
  0.560049E-01   0.234149E+02  -0.470564E+00   0.300972E+03
  0.561558E-01   0.217880E+02  -0.408199E+00   0.301004E+03
  0.562762E-01   0.206288E+02  -0.321502E+00   0.301030E+03
  0.563708E-01   0.198430E+02  -0.207554E+00   0.301050E+03
  0.564441E-01   0.193429E+02  -0.643255E-01   0.301067E+03
  0.403811E-01  -0.128726E+02  -0.107917E+02   0.301243E+03
  0.402273E-01  -0.359986E+02  -0.784725E+01   0.302143E+03
  0.404526E-01  -0.542779E+02  -0.478240E+01   0.302296E+03
  0.408251E-01  -0.675016E+02  -0.334123E+01   0.302287E+03
  0.414642E-01  -0.768619E+02  -0.276731E+01   0.302400E+03
  0.427097E-01  -0.815499E+02  -0.241867E+01   0.302908E+03
  0.453691E-01  -0.763912E+02  -0.967109E+00   0.304388E+03
  0.500423E-01  -0.515784E+02   0.235852E+01   0.307390E+03
  0.553411E-01  -0.489843E+01   0.454473E+01   0.309961E+03
  0.583387E-01   0.422183E+02   0.338007E+01   0.308650E+03
  0.575156E-01   0.696891E+02   0.122103E+01   0.305516E+03
  0.548943E-01   0.794724E+02  -0.169742E+00   0.302849E+03
  0.529941E-01   0.773716E+02  -0.454261E+00   0.301500E+03
  0.523631E-01   0.703867E+02  -0.289459E+00   0.300864E+03
  0.523554E-01   0.641592E+02  -0.129421E+00   0.300483E+03
  0.524384E-01   0.599878E+02  -0.609931E-01   0.300194E+03
  0.524724E-01   0.571115E+02  -0.400633E-01   0.299976E+03
  0.524785E-01   0.547858E+02  -0.328724E-01   0.299826E+03
  0.524866E-01   0.526781E+02  -0.291099E-01   0.299737E+03
  0.525105E-01   0.506551E+02  -0.272864E-01   0.299697E+03
  0.525581E-01   0.486400E+02  -0.271187E-01   0.299695E+03
  0.526360E-01   0.465752E+02  -0.284593E-01   0.299723E+03
  0.527483E-01   0.444127E+02  -0.315133E-01   0.299773E+03
  0.528963E-01   0.421041E+02  -0.368224E-01   0.299841E+03
  0.530805E-01   0.396026E+02  -0.448266E-01   0.299922E+03
  0.532986E-01   0.368658E+02  -0.565222E-01   0.300013E+03
  0.535481E-01   0.338639E+02  -0.725763E-01   0.300110E+03
  0.538269E-01   0.306112E+02  -0.926342E-01   0.300207E+03
  0.541306E-01   0.271777E+02  -0.115393E+00   0.300300E+03
  0.544505E-01   0.236892E+02  -0.138418E+00   0.300383E+03
  0.547719E-01   0.202924E+02  -0.160741E+00   0.300454E+03
  0.550828E-01   0.171267E+02  -0.179390E+00   0.300511E+03
  0.553721E-01   0.143112E+02  -0.191690E+00   0.300554E+03
  0.556322E-01   0.119278E+02  -0.194643E+00   0.300586E+03
  0.558583E-01   0.100127E+02  -0.186568E+00   0.300610E+03
  0.560485E-01   0.855540E+01  -0.167630E+00   0.300627E+03
  0.562040E-01   0.750989E+01  -0.138072E+00   0.300640E+03
  0.563286E-01   0.681473E+01  -0.962561E-01   0.300651E+03
  0.564265E-01   0.640691E+01  -0.384264E-01   0.300660E+03
  0.565022E-01   0.622638E+01   0.393869E-01   0.300669E+03
  0.401138E-01  -0.850867E+01  -0.371024E+01   0.300689E+03
  0.401103E-01  -0.241953E+02  -0.275925E+01   0.301219E+03
  0.404351E-01  -0.368605E+02  -0.165868E+01   0.301332E+03
  0.408680E-01  -0.466298E+02  -0.126926E+01   0.301344E+03
  0.415600E-01  -0.550055E+02  -0.122363E+01   0.301387E+03
  0.428901E-01  -0.617312E+02  -0.127203E+01   0.301588E+03
  0.457352E-01  -0.625710E+02  -0.791962E+00   0.302286E+03
  0.507504E-01  -0.495074E+02   0.647002E+00   0.303932E+03
  0.563030E-01  -0.183833E+02   0.175211E+01   0.305627E+03
  0.591444E-01   0.190093E+02   0.138306E+01   0.305052E+03
  0.579840E-01   0.411291E+02   0.486523E+00   0.303281E+03
  0.550837E-01   0.475688E+02  -0.103857E+00   0.301817E+03
  0.530537E-01   0.445914E+02  -0.202070E+00   0.301097E+03
  0.523765E-01   0.389607E+02  -0.114896E+00   0.300731E+03
  0.523481E-01   0.347478E+02  -0.440669E-01   0.300491E+03
  0.524151E-01   0.322757E+02  -0.178649E-01   0.300309E+03
  0.524357E-01   0.306840E+02  -0.115300E-01   0.300172E+03
  0.524327E-01   0.294082E+02  -0.970806E-02   0.300077E+03
  0.524360E-01   0.282450E+02  -0.855700E-02   0.300017E+03
  0.524586E-01   0.271240E+02  -0.787318E-02   0.299985E+03
  0.525078E-01   0.260027E+02  -0.767880E-02   0.299973E+03
  0.525897E-01   0.248482E+02  -0.795129E-02   0.299977E+03
  0.527077E-01   0.236324E+02  -0.877377E-02   0.299994E+03
  0.528627E-01   0.223261E+02  -0.103490E-01   0.300020E+03
  0.530549E-01   0.209008E+02  -0.127822E-01   0.300053E+03
  0.532818E-01   0.193296E+02  -0.164302E-01   0.300090E+03
  0.535404E-01   0.175917E+02  -0.215206E-01   0.300131E+03
  0.538283E-01   0.156915E+02  -0.278729E-01   0.300171E+03
  0.541405E-01   0.136694E+02  -0.349771E-01   0.300210E+03
  0.544680E-01   0.116033E+02  -0.418748E-01   0.300245E+03
  0.547959E-01   0.958406E+01  -0.484751E-01   0.300275E+03
  0.551120E-01   0.769715E+01  -0.537617E-01   0.300298E+03
  0.554054E-01   0.601687E+01  -0.569498E-01   0.300316E+03
  0.556690E-01   0.459573E+01  -0.570033E-01   0.300329E+03
  0.558980E-01   0.345940E+01  -0.533893E-01   0.300338E+03
  0.560910E-01   0.260389E+01  -0.462937E-01   0.300345E+03
  0.562493E-01   0.200290E+01  -0.358091E-01   0.300351E+03
  0.563767E-01   0.162200E+01  -0.209219E-01   0.300356E+03
  0.564777E-01   0.142892E+01   0.809257E-03   0.300360E+03
  0.565564E-01   0.139547E+01   0.329061E-01   0.300365E+03
  0.399800E-01  -0.436297E+01  -0.929205E+00   0.300317E+03
  0.400619E-01  -0.125646E+02  -0.715706E+00   0.300586E+03
  0.404379E-01  -0.191126E+02  -0.402514E+00   0.300673E+03
  0.408942E-01  -0.242247E+02  -0.341813E+00   0.300715E+03
  0.416005E-01  -0.291946E+02  -0.387167E+00   0.300767E+03
  0.429594E-01  -0.341787E+02  -0.476780E+00   0.300872E+03
  0.459008E-01  -0.365973E+02  -0.374623E+00   0.301167E+03
  0.511506E-01  -0.309020E+02   0.116744E+00   0.301861E+03
  0.569623E-01  -0.140248E+02   0.528051E+00   0.302613E+03
  0.597444E-01   0.753033E+01   0.438804E+00   0.302367E+03
  0.583362E-01   0.204207E+02   0.149780E+00   0.301590E+03
  0.552421E-01   0.235477E+02  -0.464324E-01   0.300941E+03
  0.531321E-01   0.213314E+02  -0.715002E-01   0.300607E+03
  0.524250E-01   0.180946E+02  -0.362598E-01   0.300420E+03
  0.523796E-01   0.159249E+02  -0.115312E-01   0.300295E+03
  0.524325E-01   0.147531E+02  -0.373059E-02   0.300201E+03
  0.524417E-01   0.140250E+02  -0.241707E-02   0.300133E+03
  0.524306E-01   0.134386E+02  -0.213435E-02   0.300086E+03
  0.524289E-01   0.128994E+02  -0.181154E-02   0.300054E+03
  0.524490E-01   0.123776E+02  -0.154217E-02   0.300036E+03
  0.524977E-01   0.118541E+02  -0.137940E-02   0.300028E+03
  0.525804E-01   0.113133E+02  -0.133052E-02   0.300027E+03
  0.527004E-01   0.107418E+02  -0.142539E-02   0.300031E+03
  0.528584E-01   0.101255E+02  -0.172814E-02   0.300039E+03
  0.530542E-01   0.945020E+01  -0.224450E-02   0.300051E+03
  0.532851E-01   0.870256E+01  -0.307629E-02   0.300064E+03
  0.535479E-01   0.787132E+01  -0.427452E-02   0.300079E+03
  0.538400E-01   0.695712E+01  -0.575507E-02   0.300094E+03
  0.541562E-01   0.597897E+01  -0.735018E-02   0.300109E+03
  0.544873E-01   0.497561E+01  -0.874008E-02   0.300122E+03
  0.548181E-01   0.399235E+01  -0.100173E-01   0.300133E+03
  0.551365E-01   0.307115E+01  -0.109050E-01   0.300141E+03
  0.554319E-01   0.224925E+01  -0.112726E-01   0.300148E+03
  0.556969E-01   0.155351E+01  -0.108444E-01   0.300153E+03
  0.559273E-01   0.998099E+00  -0.952933E-02   0.300156E+03
  0.561215E-01   0.581980E+00  -0.746426E-02   0.300159E+03
  0.562813E-01   0.292162E+00  -0.473787E-02   0.300161E+03
  0.564103E-01   0.112076E+00  -0.102836E-02   0.300164E+03
  0.565133E-01   0.285869E-01   0.458236E-02   0.300166E+03
  0.565942E-01   0.343379E-01   0.139456E-01   0.300168E+03
  0.399344E-01  -0.130037E+01  -0.128718E+00   0.300088E+03
  0.400620E-01  -0.377487E+01  -0.105602E+00   0.300169E+03
  0.404659E-01  -0.568452E+01  -0.517659E-01   0.300204E+03
  0.409340E-01  -0.715174E+01  -0.518917E-01   0.300229E+03
  0.416460E-01  -0.872365E+01  -0.707262E-01   0.300258E+03
  0.430166E-01  -0.105338E+02  -0.103034E+00   0.300303E+03
  0.460065E-01  -0.117526E+02  -0.958031E-01   0.300389E+03
  0.513902E-01  -0.103041E+02   0.479511E-02   0.300558E+03
  0.573642E-01  -0.501898E+01   0.964033E-01   0.300728E+03
  0.601214E-01   0.189346E+01   0.843359E-01   0.300653E+03
  0.585689E-01   0.599038E+01   0.279500E-01   0.300456E+03
  0.553605E-01   0.683509E+01  -0.118132E-01   0.300287E+03
  0.532013E-01   0.602050E+01  -0.155133E-01   0.300191E+03
  0.524724E-01   0.499655E+01  -0.709974E-02   0.300134E+03
  0.524134E-01   0.435903E+01  -0.179720E-02   0.300095E+03
  0.524554E-01   0.403382E+01  -0.371393E-03   0.300067E+03
  0.524563E-01   0.383603E+01  -0.249126E-03   0.300048E+03
  0.524394E-01   0.367540E+01  -0.243104E-03   0.300034E+03
  0.524339E-01   0.352658E+01  -0.176242E-03   0.300024E+03
  0.524518E-01   0.338212E+01  -0.101415E-03   0.300019E+03
  0.524995E-01   0.323688E+01  -0.384227E-04   0.300016E+03
  0.525822E-01   0.308652E+01   0.770008E-05   0.300015E+03
  0.527029E-01   0.292729E+01   0.298005E-04   0.300015E+03
  0.528620E-01   0.275511E+01   0.147542E-04   0.300017E+03
  0.530594E-01   0.256596E+01  -0.324889E-04   0.300019E+03
  0.532921E-01   0.235594E+01  -0.129750E-03   0.300022E+03
  0.535568E-01   0.212161E+01  -0.281576E-03   0.300026E+03
  0.538510E-01   0.186284E+01  -0.464135E-03   0.300029E+03
  0.541691E-01   0.158486E+01  -0.642151E-03   0.300032E+03
  0.545018E-01   0.129887E+01  -0.747291E-03   0.300035E+03
  0.548341E-01   0.101801E+01  -0.824648E-03   0.300037E+03
  0.551537E-01   0.754271E+00  -0.827964E-03   0.300039E+03
  0.554499E-01   0.518486E+00  -0.759451E-03   0.300041E+03
  0.557157E-01   0.318614E+00  -0.573549E-03   0.300042E+03
  0.559467E-01   0.159123E+00  -0.273827E-03   0.300043E+03
  0.561416E-01   0.399561E-01   0.950900E-04   0.300044E+03
  0.563020E-01  -0.427309E-01   0.502773E-03   0.300044E+03
  0.564318E-01  -0.939172E-01   0.991707E-03   0.300045E+03
  0.565357E-01  -0.117128E+00   0.172365E-02   0.300046E+03
  0.566180E-01  -0.112570E+00   0.312600E-02   0.300046E+03
