  0.470394E-01  -0.281229E-01   0.345338E-02   0.300018E+03
  0.470249E-01  -0.165881E+00   0.142137E-01   0.300059E+03
  0.471187E-01  -0.204199E+00  -0.301005E-02   0.300115E+03
  0.472110E-01   0.673782E-01  -0.142593E-01   0.300173E+03
  0.471902E-01   0.460867E+00  -0.118098E-01   0.300195E+03
  0.470382E-01   0.689386E+00  -0.223662E-02   0.300175E+03
  0.468639E-01   0.687679E+00   0.149160E-02   0.300147E+03
  0.467052E-01   0.553087E+00   0.227340E-02   0.300135E+03
  0.465663E-01   0.338283E+00   0.292552E-02   0.300151E+03
  0.464807E-01   0.843187E-01   0.275728E-02   0.300194E+03
  0.464740E-01  -0.132331E+00   0.143921E-02   0.300238E+03
  0.465068E-01  -0.257530E+00   0.187946E-03   0.300276E+03
  0.465142E-01  -0.308379E+00  -0.335029E-03   0.300307E+03
  0.464551E-01  -0.344871E+00  -0.787567E-04   0.300336E+03
  0.463506E-01  -0.409855E+00   0.192750E-03   0.300369E+03
  0.462271E-01  -0.505427E+00   0.230989E-03   0.300408E+03
  0.460850E-01  -0.623790E+00   0.186818E-03   0.300457E+03
  0.459127E-01  -0.768523E+00   0.169833E-03   0.300518E+03
  0.457006E-01  -0.954785E+00   0.210188E-03   0.300595E+03
  0.454451E-01  -0.120891E+01   0.397695E-03   0.300694E+03
  0.451654E-01  -0.157005E+01   0.888243E-03   0.300824E+03
  0.449299E-01  -0.208150E+01   0.183282E-02   0.301000E+03
  0.448757E-01  -0.276193E+01   0.312631E-02   0.301239E+03
  0.451683E-01  -0.356937E+01   0.426150E-02   0.301566E+03
  0.459026E-01  -0.439604E+01   0.454286E-02   0.302011E+03
  0.470198E-01  -0.510821E+01   0.348283E-02   0.302615E+03
  0.482989E-01  -0.561782E+01   0.166307E-02   0.303433E+03
  0.494899E-01  -0.593128E+01   0.911228E-04   0.304549E+03
  0.504382E-01  -0.611605E+01  -0.841756E-03   0.306060E+03
  0.510893E-01  -0.623801E+01  -0.129203E-02   0.308096E+03
  0.514312E-01  -0.634797E+01  -0.133982E-02   0.310837E+03
  0.514645E-01  -0.648158E+01  -0.126189E-02   0.314531E+03
  0.511860E-01  -0.664042E+01  -0.140675E-02   0.319475E+03
  0.505799E-01  -0.680724E+01  -0.263784E-02   0.326049E+03
  0.496213E-01  -0.692748E+01  -0.690647E-02   0.334678E+03
  0.482599E-01  -0.693214E+01  -0.196184E-01   0.345936E+03
  0.456080E-01  -0.672220E+01  -0.391440E-01   0.367151E+03
  0.421413E-01  -0.645703E+01  -0.560338E-01   0.397311E+03
  0.376187E-01  -0.680862E+01  -0.475262E-01   0.443151E+03
  0.292771E-01  -0.120565E+02   0.242230E+00   0.561098E+03
  0.470344E-01  -0.884459E-01   0.231344E-01   0.300063E+03
  0.470032E-01  -0.390861E+00   0.547613E-01   0.300209E+03
  0.470713E-01  -0.415632E+00  -0.219322E-01   0.300404E+03
  0.471382E-01   0.334602E+00  -0.723730E-01   0.300607E+03
  0.471100E-01   0.143803E+01  -0.590422E-01   0.300682E+03
  0.469687E-01   0.213277E+01  -0.137749E-01   0.300612E+03
  0.468073E-01   0.216947E+01   0.737996E-02   0.300513E+03
  0.466540E-01   0.176645E+01   0.133805E-01   0.300471E+03
  0.465089E-01   0.108372E+01   0.163425E-01   0.300529E+03
  0.464069E-01   0.262520E+00   0.147153E-01   0.300678E+03
  0.463827E-01  -0.454845E+00   0.811367E-02   0.300833E+03
  0.464005E-01  -0.890601E+00   0.200434E-02   0.300965E+03
  0.463956E-01  -0.108867E+01  -0.622732E-03   0.301075E+03
  0.463257E-01  -0.123432E+01   0.231267E-03   0.301176E+03
  0.462091E-01  -0.146758E+01   0.136241E-02   0.301289E+03
  0.460709E-01  -0.180250E+01   0.162262E-02   0.301428E+03
  0.459108E-01  -0.221813E+01   0.156429E-02   0.301599E+03
  0.457164E-01  -0.272798E+01   0.166302E-02   0.301810E+03
  0.454766E-01  -0.338386E+01   0.209572E-02   0.302077E+03
  0.451861E-01  -0.427472E+01   0.325498E-02   0.302420E+03
  0.448605E-01  -0.552953E+01   0.576912E-02   0.302872E+03
  0.445638E-01  -0.728499E+01   0.101886E-01   0.303477E+03
  0.444254E-01  -0.958838E+01   0.160045E-01   0.304299E+03
  0.445997E-01  -0.122826E+02   0.210874E-01   0.305419E+03
  0.451665E-01  -0.149994E+02   0.225154E-01   0.306942E+03
  0.460487E-01  -0.173013E+02   0.181913E-01   0.309005E+03
  0.470054E-01  -0.189132E+02   0.102530E-01   0.311788E+03
  0.477623E-01  -0.198646E+02   0.276111E-02   0.315568E+03
  0.481451E-01  -0.203709E+02  -0.253676E-02   0.320637E+03
  0.480795E-01  -0.206347E+02  -0.639649E-02   0.327380E+03
  0.475360E-01  -0.208057E+02  -0.921126E-02   0.336300E+03
  0.465067E-01  -0.209808E+02  -0.126187E-01   0.348049E+03
  0.450024E-01  -0.211565E+02  -0.192257E-01   0.363352E+03
  0.430580E-01  -0.212563E+02  -0.343111E-01   0.382969E+03
  0.407397E-01  -0.211225E+02  -0.678543E-01   0.407571E+03
  0.381141E-01  -0.206049E+02  -0.141933E+00   0.437895E+03
  0.349469E-01  -0.196427E+02  -0.240100E+00   0.478955E+03
  0.315181E-01  -0.187395E+02  -0.312918E+00   0.530957E+03
  0.274968E-01  -0.194858E+02  -0.238156E+00   0.605971E+03
  0.212986E-01  -0.279734E+02   0.639955E+00   0.771652E+03
  0.470257E-01  -0.116327E+00   0.696387E-01   0.300131E+03
  0.469693E-01  -0.456606E+00   0.116395E+00   0.300433E+03
  0.469994E-01  -0.361670E+00  -0.812673E-01   0.300837E+03
  0.470288E-01   0.841937E+00  -0.212333E+00   0.301256E+03
  0.469896E-01   0.260592E+01  -0.172898E+00   0.301411E+03
  0.468646E-01   0.379769E+01  -0.473808E-01   0.301265E+03
  0.467228E-01   0.392694E+01   0.209641E-01   0.301061E+03
  0.465781E-01   0.323704E+01   0.447602E-01   0.300974E+03
  0.464239E-01   0.198655E+01   0.537764E-01   0.301096E+03
  0.462972E-01   0.446610E+00   0.474161E-01   0.301404E+03
  0.462470E-01  -0.937829E+00   0.275280E-01   0.301725E+03
  0.462426E-01  -0.182735E+01   0.928961E-02   0.301996E+03
  0.462196E-01  -0.228026E+01   0.112511E-02   0.302223E+03
  0.461336E-01  -0.262357E+01   0.259258E-02   0.302432E+03
  0.459994E-01  -0.312161E+01   0.545364E-02   0.302665E+03
  0.458398E-01  -0.381674E+01   0.641323E-02   0.302950E+03
  0.456535E-01  -0.468025E+01   0.664455E-02   0.303301E+03
  0.454270E-01  -0.574290E+01   0.741783E-02   0.303736E+03
  0.451475E-01  -0.710872E+01   0.933994E-02   0.304283E+03
  0.448067E-01  -0.895309E+01   0.134769E-01   0.304985E+03
  0.444164E-01  -0.115220E+02   0.213755E-01   0.305907E+03
  0.440341E-01  -0.150610E+02   0.341963E-01   0.307139E+03
  0.437793E-01  -0.196239E+02   0.503580E-01   0.308805E+03
  0.437924E-01  -0.248634E+02   0.642287E-01   0.311067E+03
  0.441346E-01  -0.300449E+02   0.681201E-01   0.314138E+03
  0.447080E-01  -0.343441E+02   0.563800E-01   0.318287E+03
  0.452540E-01  -0.372750E+02   0.336398E-01   0.323864E+03
  0.454817E-01  -0.389189E+02   0.988812E-02   0.331392E+03
  0.452173E-01  -0.396793E+02  -0.107222E-01   0.341391E+03
  0.443970E-01  -0.399204E+02  -0.303826E-01   0.354515E+03
  0.430150E-01  -0.399175E+02  -0.506900E-01   0.371612E+03
  0.411118E-01  -0.398282E+02  -0.774997E-01   0.393666E+03
  0.387628E-01  -0.396606E+02  -0.120194E+00   0.421750E+03
  0.360903E-01  -0.392843E+02  -0.195504E+00   0.456763E+03
  0.332377E-01  -0.384859E+02  -0.330576E+00   0.499337E+03
  0.303269E-01  -0.371181E+02  -0.571512E+00   0.549992E+03
  0.273503E-01  -0.352726E+02  -0.858289E+00   0.611502E+03
  0.243963E-01  -0.338089E+02  -0.105647E+01   0.685342E+03
  0.211504E-01  -0.349238E+02  -0.889757E+00   0.787099E+03
  0.167752E-01  -0.443459E+02   0.985122E+00   0.980881E+03
  0.470092E-01  -0.704931E-01   0.128027E+00   0.300232E+03
  0.469161E-01  -0.288558E+00   0.180848E+00   0.300765E+03
  0.468914E-01   0.206968E-01  -0.220109E+00   0.301481E+03
  0.468674E-01   0.159552E+01  -0.488070E+00   0.302217E+03
  0.468122E-01   0.385767E+01  -0.399382E+00   0.302489E+03
  0.467105E-01   0.547540E+01  -0.122961E+00   0.302234E+03
  0.465979E-01   0.572759E+01   0.465823E-01   0.301874E+03
  0.464662E-01   0.476848E+01   0.115589E+00   0.301723E+03
  0.462987E-01   0.289773E+01   0.140276E+00   0.301940E+03
  0.461360E-01   0.517255E+00   0.123845E+00   0.302485E+03
  0.460475E-01  -0.170405E+01   0.755438E-01   0.303050E+03
  0.460107E-01  -0.323222E+01   0.308037E-01   0.303528E+03
  0.459612E-01  -0.411285E+01   0.974975E-02   0.303927E+03
  0.458519E-01  -0.480845E+01   0.111342E-01   0.304294E+03
  0.456924E-01  -0.572660E+01   0.171254E-01   0.304703E+03
  0.455020E-01  -0.696318E+01   0.197999E-01   0.305204E+03
  0.452784E-01  -0.849785E+01   0.211490E-01   0.305820E+03
  0.450066E-01  -0.103919E+02   0.240178E-01   0.306580E+03
  0.446714E-01  -0.128213E+02   0.300413E-01   0.307535E+03
  0.442611E-01  -0.160730E+02   0.416639E-01   0.308757E+03
  0.437822E-01  -0.205297E+02   0.620718E-01   0.310355E+03
  0.432846E-01  -0.265355E+02   0.931339E-01   0.312480E+03
  0.428760E-01  -0.340848E+02   0.130530E+00   0.315339E+03
  0.426800E-01  -0.425224E+02   0.161209E+00   0.319209E+03
  0.427370E-01  -0.506307E+02   0.167730E+00   0.324444E+03
  0.429302E-01  -0.571546E+02   0.137186E+00   0.331494E+03
  0.429920E-01  -0.614243E+02   0.781437E-01   0.340915E+03
  0.426334E-01  -0.636397E+02   0.118901E-01   0.353523E+03
  0.417089E-01  -0.644332E+02  -0.569727E-01   0.370071E+03
  0.402012E-01  -0.643187E+02  -0.130735E+00   0.391445E+03
  0.381562E-01  -0.637454E+02  -0.214511E+00   0.418819E+03
  0.356824E-01  -0.629500E+02  -0.323665E+00   0.453391E+03
  0.329160E-01  -0.619768E+02  -0.480630E+00   0.496407E+03
  0.300217E-01  -0.606953E+02  -0.722636E+00   0.548716E+03
  0.271515E-01  -0.589049E+02  -0.110243E+01   0.610724E+03
  0.244144E-01  -0.565276E+02  -0.168474E+01   0.682433E+03
  0.218384E-01  -0.538536E+02  -0.232952E+01   0.764862E+03
  0.194044E-01  -0.520064E+02  -0.275761E+01   0.860466E+03
  0.168739E-01  -0.533718E+02  -0.242900E+01   0.985465E+03
  0.138958E-01  -0.620077E+02   0.126070E+01   0.118686E+04
  0.469797E-01   0.285815E-01   0.144782E+00   0.300382E+03
  0.468346E-01   0.292599E-01   0.203868E+00   0.301253E+03
  0.467335E-01   0.571061E+00  -0.493664E+00   0.302424E+03
  0.466362E-01   0.237963E+01  -0.963348E+00   0.303609E+03
  0.465580E-01   0.490729E+01  -0.791987E+00   0.304052E+03
  0.464878E-01   0.677778E+01  -0.264542E+00   0.303645E+03
  0.464162E-01   0.711166E+01   0.909003E-01   0.303066E+03
  0.463029E-01   0.591048E+01   0.255311E+00   0.302826E+03
  0.461159E-01   0.343248E+01   0.317018E+00   0.303190E+03
  0.459011E-01   0.157535E+00   0.284258E+00   0.304083E+03
  0.457584E-01  -0.303417E+01   0.182502E+00   0.305001E+03
  0.456753E-01  -0.540997E+01   0.858348E-01   0.305779E+03
  0.455882E-01  -0.696578E+01   0.376347E-01   0.306427E+03
  0.454459E-01  -0.826135E+01   0.362515E-01   0.307024E+03
  0.452509E-01  -0.984329E+01   0.471763E-01   0.307689E+03
  0.450179E-01  -0.118892E+02   0.534630E-01   0.308500E+03
  0.447429E-01  -0.144168E+02   0.578905E-01   0.309495E+03
  0.444093E-01  -0.175397E+02   0.661236E-01   0.310720E+03
  0.439992E-01  -0.215253E+02   0.819078E-01   0.312254E+03
  0.434968E-01  -0.267868E+02   0.110202E+00   0.314209E+03
  0.429031E-01  -0.338297E+02   0.156677E+00   0.316749E+03
  0.422594E-01  -0.430236E+02   0.223260E+00   0.320105E+03
  0.416604E-01  -0.541623E+02   0.298956E+00   0.324596E+03
  0.412118E-01  -0.661295E+02   0.355681E+00   0.330639E+03
  0.409356E-01  -0.771592E+02   0.357631E+00   0.338773E+03
  0.407046E-01  -0.856417E+02   0.278970E+00   0.349649E+03
  0.402586E-01  -0.908663E+02   0.134423E+00   0.364058E+03
  0.393344E-01  -0.932493E+02  -0.390008E-01   0.383120E+03
  0.378501E-01  -0.935533E+02  -0.235249E+00   0.407684E+03
  0.358405E-01  -0.925387E+02  -0.454203E+00   0.438879E+03
  0.334054E-01  -0.908466E+02  -0.706593E+00   0.478091E+03
  0.306950E-01  -0.888412E+02  -0.102372E+01   0.526644E+03
  0.278660E-01  -0.866359E+02  -0.144766E+01   0.585790E+03
  0.250707E-01  -0.841560E+02  -0.204479E+01   0.656284E+03
  0.224283E-01  -0.812628E+02  -0.289784E+01   0.738266E+03
  0.200114E-01  -0.779791E+02  -0.406942E+01   0.831192E+03
  0.178360E-01  -0.747538E+02  -0.529454E+01   0.934780E+03
  0.158535E-01  -0.728032E+02  -0.604737E+01   0.105132E+04
  0.139261E-01  -0.742145E+02  -0.526151E+01   0.119294E+04
  0.119777E-01  -0.807783E+02   0.121184E+01   0.138144E+04
  0.469365E-01   0.968747E-01   0.619760E-01   0.300601E+03
  0.467171E-01   0.243191E+00   0.142398E+00   0.301961E+03
  0.465136E-01   0.891651E+00  -0.949797E+00   0.303765E+03
  0.463208E-01   0.272244E+01  -0.169227E+01   0.305553E+03
  0.462117E-01   0.524486E+01  -0.139533E+01   0.306226E+03
  0.461805E-01   0.712748E+01  -0.487795E+00   0.305624E+03
  0.461607E-01   0.740712E+01   0.170707E+00   0.304763E+03
  0.460687E-01   0.593554E+01   0.508301E+00   0.304428E+03
  0.458501E-01   0.287768E+01   0.646201E+00   0.305033E+03
  0.455628E-01  -0.128977E+01   0.591982E+00   0.306425E+03
  0.453473E-01  -0.551875E+01   0.400736E+00   0.307832E+03
  0.452013E-01  -0.893850E+01   0.212649E+00   0.309030E+03
  0.450628E-01  -0.114683E+02   0.112891E+00   0.310031E+03
  0.448757E-01  -0.137056E+02   0.101965E+00   0.310951E+03
  0.446329E-01  -0.163002E+02   0.119260E+00   0.311976E+03
  0.443433E-01  -0.195262E+02   0.132148E+00   0.313221E+03
  0.440011E-01  -0.234735E+02   0.143654E+00   0.314743E+03
  0.435881E-01  -0.283318E+02   0.163890E+00   0.316609E+03
  0.430836E-01  -0.344650E+02   0.200205E+00   0.318931E+03
  0.424683E-01  -0.423825E+02   0.261290E+00   0.321870E+03
  0.417377E-01  -0.526170E+02   0.355353E+00   0.325657E+03
  0.409256E-01  -0.653854E+02   0.481398E+00   0.330614E+03
  0.401147E-01  -0.800764E+02   0.613871E+00   0.337186E+03
  0.393967E-01  -0.950201E+02   0.697693E+00   0.345953E+03
  0.387827E-01  -0.108022E+03   0.666463E+00   0.357636E+03
  0.381525E-01  -0.117391E+03   0.472527E+00   0.373048E+03
  0.372761E-01  -0.122517E+03   0.144446E+00   0.393129E+03
  0.359353E-01  -0.124100E+03  -0.270604E+00   0.419203E+03
  0.341155E-01  -0.122997E+03  -0.745810E+00   0.452040E+03
  0.318699E-01  -0.120323E+03  -0.127261E+01   0.493154E+03
  0.293245E-01  -0.116937E+03  -0.187032E+01   0.544063E+03
  0.266333E-01  -0.113349E+03  -0.259283E+01   0.606209E+03
  0.239403E-01  -0.109750E+03  -0.350914E+01   0.680857E+03
  0.213662E-01  -0.106125E+03  -0.472140E+01   0.768778E+03
  0.189959E-01  -0.102405E+03  -0.633784E+01   0.869990E+03
  0.168782E-01  -0.986861E+02  -0.837803E+01   0.983435E+03
  0.150239E-01  -0.954639E+02  -0.103809E+02   0.110743E+04
  0.134005E-01  -0.937911E+02  -0.113976E+02   0.124173E+04
  0.119531E-01  -0.949857E+02  -0.955801E+01   0.138979E+04
  0.106996E-01  -0.988711E+02  -0.886561E-01   0.155211E+04
  0.468875E-01   0.585443E-01  -0.778630E-01   0.300920E+03
  0.465614E-01   0.119431E+00   0.420827E-01   0.302972E+03
  0.462295E-01   0.610171E+00  -0.156112E+01   0.305585E+03
  0.459243E-01   0.216079E+01  -0.266493E+01   0.308094E+03
  0.457794E-01   0.434526E+01  -0.220182E+01   0.309033E+03
  0.457903E-01   0.591786E+01  -0.765855E+00   0.308211E+03
  0.458223E-01   0.588121E+01   0.338512E+00   0.307067E+03
  0.457414E-01   0.397261E+01   0.952133E+00   0.306713E+03
  0.454638E-01   0.247271E+00   0.122064E+01   0.307760E+03
  0.450837E-01  -0.481924E+01   0.113979E+01   0.309814E+03
  0.447787E-01  -0.101262E+02   0.812266E+00   0.311851E+03
  0.445537E-01  -0.147481E+02   0.478308E+00   0.313604E+03
  0.443502E-01  -0.185373E+02   0.290297E+00   0.315076E+03
  0.441058E-01  -0.220827E+02   0.256678E+00   0.316435E+03
  0.438028E-01  -0.260845E+02   0.279801E+00   0.317943E+03
  0.434436E-01  -0.308979E+02   0.302794E+00   0.319765E+03
  0.430208E-01  -0.366941E+02   0.327706E+00   0.321976E+03
  0.425152E-01  -0.437328E+02   0.370549E+00   0.324666E+03
  0.419044E-01  -0.524223E+02   0.443218E+00   0.327981E+03
  0.411671E-01  -0.632435E+02   0.557935E+00   0.332129E+03
  0.402965E-01  -0.765518E+02   0.722850E+00   0.337399E+03
  0.393226E-01  -0.921909E+02   0.928001E+00   0.344192E+03
  0.383220E-01  -0.109070E+03   0.112113E+01   0.353056E+03
  0.373815E-01  -0.125111E+03   0.120025E+01   0.364667E+03
  0.365193E-01  -0.137880E+03   0.106415E+01   0.379813E+03
  0.356418E-01  -0.146030E+03   0.638277E+00   0.399261E+03
  0.345570E-01  -0.149239E+03  -0.405369E-01   0.423882E+03
  0.331054E-01  -0.148244E+03  -0.891825E+00   0.454733E+03
  0.312435E-01  -0.144489E+03  -0.183827E+01   0.493168E+03
  0.290141E-01  -0.139396E+03  -0.286612E+01   0.541132E+03
  0.265407E-01  -0.133998E+03  -0.400168E+01   0.600418E+03
  0.239699E-01  -0.128905E+03  -0.532482E+01   0.672687E+03
  0.214343E-01  -0.124293E+03  -0.694754E+01   0.759365E+03
  0.190380E-01  -0.120140E+03  -0.900910E+01   0.861420E+03
  0.168539E-01  -0.116379E+03  -0.116215E+02   0.978878E+03
  0.149275E-01  -0.113095E+03  -0.146956E+02   0.111005E+04
  0.132796E-01  -0.110659E+03  -0.174778E+02   0.125117E+04
  0.119041E-01  -0.109695E+03  -0.184533E+02   0.139723E+04
  0.107853E-01  -0.110590E+03  -0.151284E+02   0.154261E+04
  0.992985E-02  -0.112181E+03  -0.393782E+01   0.167875E+04
  0.468439E-01  -0.102786E+00  -0.166043E-01   0.301386E+03
  0.463676E-01  -0.402865E+00   0.146951E+00   0.304398E+03
  0.458996E-01  -0.378779E+00  -0.212096E+01   0.307884E+03
  0.454851E-01   0.551242E+00  -0.371077E+01   0.311102E+03
  0.453088E-01   0.201204E+01  -0.306295E+01   0.312270E+03
  0.453555E-01   0.285638E+01  -0.952534E+00   0.311251E+03
  0.454094E-01   0.208650E+01   0.745684E+00   0.310011E+03
  0.452897E-01  -0.622845E+00   0.173944E+01   0.309969E+03
  0.449074E-01  -0.525021E+01   0.218196E+01   0.311783E+03
  0.444289E-01  -0.113053E+02   0.206011E+01   0.314580E+03
  0.440260E-01  -0.177644E+02   0.153508E+01   0.317352E+03
  0.437140E-01  -0.236836E+02   0.983611E+00   0.319763E+03
  0.434373E-01  -0.288834E+02   0.656174E+00   0.321807E+03
  0.431274E-01  -0.339294E+02   0.577473E+00   0.323712E+03
  0.427567E-01  -0.395246E+02   0.600536E+00   0.325815E+03
  0.423226E-01  -0.460545E+02   0.634052E+00   0.328327E+03
  0.418166E-01  -0.537190E+02   0.676822E+00   0.331341E+03
  0.412204E-01  -0.627655E+02   0.750816E+00   0.334960E+03
  0.405129E-01  -0.735118E+02   0.871270E+00   0.339345E+03
  0.396754E-01  -0.862363E+02   0.105119E+01   0.344715E+03
  0.387053E-01  -0.100978E+03   0.129436E+01   0.351367E+03
  0.376375E-01  -0.117228E+03   0.156982E+01   0.359683E+03
  0.365532E-01  -0.133277E+03   0.178701E+01   0.370185E+03
  0.355540E-01  -0.147259E+03   0.179335E+01   0.383410E+03
  0.346833E-01  -0.157152E+03   0.144008E+01   0.399844E+03
  0.338775E-01  -0.161538E+03   0.620496E+00   0.419872E+03
  0.329877E-01  -0.160272E+03  -0.605538E+00   0.443754E+03
  0.318075E-01  -0.154805E+03  -0.203815E+01   0.472936E+03
  0.301815E-01  -0.147368E+03  -0.354729E+01   0.510145E+03
  0.281298E-01  -0.139619E+03  -0.513350E+01   0.557776E+03
  0.257698E-01  -0.132633E+03  -0.682517E+01   0.618052E+03
  0.232613E-01  -0.126847E+03  -0.874494E+01   0.692905E+03
  0.207545E-01  -0.122234E+03  -0.110668E+02   0.784005E+03
  0.183682E-01  -0.118630E+03  -0.139599E+02   0.892645E+03
  0.161877E-01  -0.115879E+03  -0.175074E+02   0.101907E+04
  0.142736E-01  -0.113945E+03  -0.214598E+02   0.116113E+04
  0.126661E-01  -0.112942E+03  -0.247544E+02   0.131287E+04
  0.113793E-01  -0.113000E+03  -0.254565E+02   0.146458E+04
  0.104016E-01  -0.113853E+03  -0.211785E+02   0.160522E+04
  0.970186E-02  -0.114336E+03  -0.105951E+02   0.172559E+04
  0.468113E-01  -0.357435E+00   0.756351E+00   0.302059E+03
  0.461421E-01  -0.123316E+01   0.952954E+00   0.306301E+03
  0.455430E-01  -0.191503E+01  -0.219649E+01   0.310653E+03
  0.450779E-01  -0.186345E+01  -0.441933E+01   0.314199E+03
  0.448803E-01  -0.143636E+01  -0.360681E+01   0.315514E+03
  0.449264E-01  -0.170082E+01  -0.705803E+00   0.314521E+03
  0.449118E-01  -0.361414E+01   0.168949E+01   0.313770E+03
  0.446639E-01  -0.743603E+01   0.310837E+01   0.314636E+03
  0.441647E-01  -0.131453E+02   0.372708E+01   0.317333E+03
  0.435945E-01  -0.202809E+02   0.351783E+01   0.320871E+03
  0.431044E-01  -0.278355E+02   0.270341E+01   0.324357E+03
  0.427142E-01  -0.348760E+02   0.183602E+01   0.327422E+03
  0.423694E-01  -0.412166E+02   0.129691E+01   0.330059E+03
  0.419975E-01  -0.473942E+02   0.113504E+01   0.332541E+03
  0.415657E-01  -0.540717E+02   0.113910E+01   0.335259E+03
  0.410689E-01  -0.615923E+02   0.117089E+01   0.338448E+03
  0.405001E-01  -0.700956E+02   0.122219E+01   0.342201E+03
  0.398448E-01  -0.797224E+02   0.131949E+01   0.346603E+03
  0.390887E-01  -0.906231E+02   0.147865E+01   0.351778E+03
  0.382234E-01  -0.102858E+03   0.171028E+01   0.357866E+03
  0.372608E-01  -0.116238E+03   0.200646E+01   0.365022E+03
  0.362522E-01  -0.129813E+03   0.230856E+01   0.373431E+03
  0.353059E-01  -0.142204E+03   0.248889E+01   0.383229E+03
  0.345522E-01  -0.151583E+03   0.234022E+01   0.394435E+03
  0.340653E-01  -0.155969E+03   0.164835E+01   0.406924E+03
  0.338077E-01  -0.154192E+03   0.283676E+00   0.420477E+03
  0.336394E-01  -0.146512E+03  -0.155928E+01   0.434895E+03
  0.330961E-01  -0.135981E+03  -0.352494E+01   0.454321E+03
  0.319674E-01  -0.125124E+03  -0.544645E+01   0.481564E+03
  0.302261E-01  -0.115835E+03  -0.730681E+01   0.519258E+03
  0.279757E-01  -0.108684E+03  -0.919685E+01   0.569797E+03
  0.254038E-01  -0.103578E+03  -0.113084E+02   0.635316E+03
  0.227106E-01  -0.100155E+03  -0.138717E+02   0.717787E+03
  0.200655E-01  -0.980253E+02  -0.170786E+02   0.819015E+03
  0.175976E-01  -0.968793E+02  -0.209836E+02   0.940034E+03
  0.154059E-01  -0.965255E+02  -0.252374E+02   0.107942E+04
  0.135657E-01  -0.968463E+02  -0.286747E+02   0.123088E+04
  0.121166E-01  -0.976688E+02  -0.293876E+02   0.138246E+04
  0.110470E-01  -0.985514E+02  -0.256518E+02   0.152039E+04
  0.102974E-01  -0.987825E+02  -0.177480E+02   0.163521E+04
  0.467894E-01  -0.633140E+00   0.284002E+01   0.302851E+03
  0.459173E-01  -0.212740E+01   0.305281E+01   0.308405E+03
  0.452106E-01  -0.353796E+01  -0.127211E+01   0.313501E+03
  0.447246E-01  -0.433421E+01  -0.431758E+01   0.317195E+03
  0.445081E-01  -0.489304E+01  -0.338307E+01   0.318638E+03
  0.444442E-01  -0.625072E+01   0.351656E+00   0.318402E+03
  0.442943E-01  -0.922972E+01   0.345598E+01   0.318586E+03
  0.439027E-01  -0.140637E+02   0.527239E+01   0.320485E+03
  0.433054E-01  -0.206777E+02   0.600813E+01   0.323955E+03
  0.426677E-01  -0.285528E+02   0.560717E+01   0.328086E+03
  0.421186E-01  -0.366499E+02   0.436363E+01   0.332124E+03
  0.416771E-01  -0.440418E+02   0.304734E+01   0.335693E+03
  0.412877E-01  -0.505614E+02   0.220083E+01   0.338796E+03
  0.408768E-01  -0.567378E+02   0.190072E+01   0.341725E+03
  0.404113E-01  -0.631811E+02   0.185105E+01   0.344884E+03
  0.398874E-01  -0.701548E+02   0.185176E+01   0.348503E+03
  0.393024E-01  -0.777072E+02   0.188357E+01   0.352643E+03
  0.386494E-01  -0.858724E+02   0.197617E+01   0.357322E+03
  0.379260E-01  -0.946766E+02   0.214405E+01   0.362544E+03
  0.371416E-01  -0.104050E+03   0.239372E+01   0.368254E+03
  0.363327E-01  -0.113683E+03   0.270313E+01   0.374293E+03
  0.355844E-01  -0.122750E+03   0.298636E+01   0.380364E+03
  0.350437E-01  -0.129737E+03   0.307462E+01   0.385982E+03
  0.348843E-01  -0.132813E+03   0.269309E+01   0.390504E+03
  0.352195E-01  -0.130184E+03   0.156304E+01   0.393332E+03
  0.360130E-01  -0.120998E+03  -0.427312E+00   0.394414E+03
  0.368285E-01  -0.107298E+03  -0.284336E+01   0.396902E+03
  0.372124E-01  -0.931556E+02  -0.511854E+01   0.403840E+03
  0.369347E-01  -0.811870E+02  -0.706894E+01   0.416801E+03
  0.358855E-01  -0.724415E+02  -0.870049E+01   0.437637E+03
  0.340791E-01  -0.667890E+02  -0.102096E+02   0.468348E+03
  0.316452E-01  -0.636017E+02  -0.118527E+02   0.511022E+03
  0.287853E-01  -0.621853E+02  -0.138799E+02   0.567858E+03
  0.257187E-01  -0.619518E+02  -0.164795E+02   0.641278E+03
  0.226497E-01  -0.624412E+02  -0.196998E+02   0.733679E+03
  0.197654E-01  -0.632945E+02  -0.232538E+02   0.846085E+03
  0.172350E-01  -0.642200E+02  -0.262485E+02   0.975373E+03
  0.151825E-01  -0.649755E+02  -0.272899E+02   0.111176E+04
  0.136442E-01  -0.653316E+02  -0.253154E+02   0.124093E+04
  0.125586E-01  -0.651621E+02  -0.208967E+02   0.135109E+04
  0.467390E-01  -0.837688E+00   0.648086E+01   0.303570E+03
  0.457003E-01  -0.275489E+01   0.663603E+01   0.310262E+03
  0.449015E-01  -0.458934E+01   0.771978E+00   0.316058E+03
  0.444057E-01  -0.579187E+01  -0.336621E+01   0.319874E+03
  0.441309E-01  -0.677295E+01  -0.238873E+01   0.321759E+03
  0.439340E-01  -0.858578E+01   0.221073E+01   0.322476E+03
  0.436629E-01  -0.120259E+02   0.601847E+01   0.323526E+03
  0.431623E-01  -0.172682E+02   0.817729E+01   0.326241E+03
  0.424975E-01  -0.241381E+02   0.893020E+01   0.330270E+03
  0.418205E-01  -0.319988E+02   0.819096E+01   0.334784E+03
  0.412479E-01  -0.397198E+02   0.634576E+01   0.339118E+03
  0.407945E-01  -0.463667E+02   0.443220E+01   0.342909E+03
  0.404002E-01  -0.518323E+02   0.318184E+01   0.346183E+03
  0.399889E-01  -0.566995E+02   0.269334E+01   0.349253E+03
  0.395301E-01  -0.615602E+02   0.255808E+01   0.352504E+03
  0.390245E-01  -0.666055E+02   0.249745E+01   0.356131E+03
  0.384742E-01  -0.718046E+02   0.247868E+01   0.360145E+03
  0.378805E-01  -0.771233E+02   0.253529E+01   0.364475E+03
  0.372528E-01  -0.825290E+02   0.267975E+01   0.368983E+03
  0.366192E-01  -0.879068E+02   0.291362E+01   0.373382E+03
  0.360411E-01  -0.929171E+02   0.320251E+01   0.377180E+03
  0.356363E-01  -0.967564E+02   0.342847E+01   0.379640E+03
  0.355872E-01  -0.979486E+02   0.335773E+01   0.379856E+03
  0.360890E-01  -0.944951E+02   0.262534E+01   0.377118E+03
  0.372437E-01  -0.846165E+02   0.857460E+00   0.371398E+03
  0.389167E-01  -0.676494E+02  -0.186413E+01   0.364311E+03
  0.404217E-01  -0.495543E+02  -0.473126E+01   0.361030E+03
  0.416291E-01  -0.341115E+02  -0.700844E+01   0.360573E+03
  0.423977E-01  -0.230803E+02  -0.855888E+01   0.362893E+03
  0.426082E-01  -0.164771E+02  -0.952548E+01   0.368611E+03
  0.421679E-01  -0.134278E+02  -0.102116E+02   0.378751E+03
  0.410233E-01  -0.128807E+02  -0.109274E+02   0.394659E+03
  0.391821E-01  -0.139319E+02  -0.119173E+02   0.417869E+03
  0.367141E-01  -0.159060E+02  -0.133308E+02   0.450193E+03
  0.337445E-01  -0.183025E+02  -0.151895E+02   0.493829E+03
  0.304489E-01  -0.207003E+02  -0.172947E+02   0.551250E+03
  0.270789E-01  -0.226771E+02  -0.191228E+02   0.623857E+03
  0.239412E-01  -0.238470E+02  -0.199372E+02   0.709505E+03
  0.213035E-01  -0.240190E+02  -0.192575E+02   0.800729E+03
  0.192755E-01  -0.233819E+02  -0.174509E+02   0.887356E+03
  0.466265E-01  -0.981946E+00   0.114194E+02   0.304036E+03
  0.455074E-01  -0.310285E+01   0.112033E+02   0.311385E+03
  0.446829E-01  -0.494742E+01   0.332160E+01   0.317503E+03
  0.441712E-01  -0.597600E+01  -0.221204E+01   0.321549E+03
  0.438276E-01  -0.665542E+01  -0.126569E+01   0.324015E+03
  0.435264E-01  -0.812758E+01   0.430149E+01   0.325528E+03
  0.431559E-01  -0.112514E+02   0.889290E+01   0.327329E+03
  0.425816E-01  -0.161422E+02   0.113903E+02   0.330628E+03
  0.418747E-01  -0.225251E+02   0.120924E+02   0.335023E+03
  0.411849E-01  -0.296242E+02   0.108889E+02   0.339707E+03
  0.406269E-01  -0.361707E+02   0.828854E+01   0.344030E+03
  0.402080E-01  -0.411959E+02   0.565819E+01   0.347660E+03
  0.398567E-01  -0.446776E+02   0.394463E+01   0.350688E+03
  0.394888E-01  -0.473117E+02   0.325367E+01   0.353484E+03
  0.390760E-01  -0.497201E+02   0.302947E+01   0.356420E+03
  0.386253E-01  -0.520415E+02   0.289798E+01   0.359637E+03
  0.381419E-01  -0.541769E+02   0.281274E+01   0.363107E+03
  0.376294E-01  -0.560418E+02   0.281336E+01   0.366727E+03
  0.371021E-01  -0.575668E+02   0.291020E+01   0.370295E+03
  0.365948E-01  -0.586090E+02   0.309751E+01   0.373428E+03
  0.361797E-01  -0.587911E+02   0.332170E+01   0.375500E+03
  0.359880E-01  -0.572114E+02   0.341675E+01   0.375632E+03
  0.362258E-01  -0.521431E+02   0.303594E+01   0.372729E+03
  0.370711E-01  -0.411021E+02   0.162705E+01   0.366421E+03
  0.386544E-01  -0.211825E+02  -0.106146E+01   0.356997E+03
  0.404710E-01   0.152712E+01  -0.442923E+01   0.349609E+03
  0.422215E-01   0.215785E+02  -0.738760E+01   0.345179E+03
  0.437529E-01   0.359703E+02  -0.931471E+01   0.342804E+03
  0.450136E-01   0.450079E+02  -0.102053E+02   0.341636E+03
  0.459669E-01   0.495046E+02  -0.103120E+02   0.341572E+03
  0.466129E-01   0.505080E+02  -0.100077E+02   0.342605E+03
  0.469648E-01   0.490089E+02  -0.963474E+01   0.344818E+03
  0.470299E-01   0.458484E+02  -0.943374E+01   0.348382E+03
  0.468023E-01   0.417033E+02  -0.953764E+01   0.353580E+03
  0.462588E-01   0.371162E+02  -0.997146E+01   0.360846E+03
  0.453565E-01   0.325464E+02  -0.106300E+02   0.370856E+03
  0.440428E-01   0.284240E+02  -0.112621E+02   0.384535E+03
  0.422980E-01   0.251379E+02  -0.115363E+02   0.402791E+03
  0.402068E-01   0.229433E+02  -0.112584E+02   0.425813E+03
  0.379485E-01   0.218575E+02  -0.105921E+02   0.452786E+03
  0.464487E-01  -0.118472E+01   0.173987E+02   0.304258E+03
  0.453493E-01  -0.349137E+01   0.159952E+02   0.311716E+03
  0.445970E-01  -0.508952E+01   0.546286E+01   0.317546E+03
  0.441471E-01  -0.550321E+01  -0.177191E+01   0.321310E+03
  0.437494E-01  -0.532835E+01  -0.872219E+00   0.324266E+03
  0.432992E-01  -0.588504E+01   0.585899E+01   0.326917E+03
  0.428295E-01  -0.811680E+01   0.114027E+02   0.329483E+03
  0.422004E-01  -0.121000E+02   0.143168E+02   0.333232E+03
  0.414675E-01  -0.174760E+02   0.149782E+02   0.337867E+03
  0.407863E-01  -0.233314E+02   0.132572E+02   0.342542E+03
  0.402771E-01  -0.282272E+02   0.981617E+01   0.346566E+03
  0.399399E-01  -0.311294E+02   0.641476E+01   0.349616E+03
  0.396855E-01  -0.321052E+02   0.423641E+01   0.351895E+03
  0.394074E-01  -0.319992E+02   0.337402E+01   0.353954E+03
  0.390771E-01  -0.314986E+02   0.309123E+01   0.356175E+03
  0.387118E-01  -0.307017E+02   0.290475E+01   0.358612E+03
  0.383178E-01  -0.294382E+02   0.275573E+01   0.361226E+03
  0.378960E-01  -0.275623E+02   0.269162E+01   0.363932E+03
  0.374572E-01  -0.249382E+02   0.271852E+01   0.366558E+03
  0.370303E-01  -0.213189E+02   0.281567E+01   0.368783E+03
  0.366842E-01  -0.161222E+02   0.288799E+01   0.370021E+03
  0.365385E-01  -0.797273E+01   0.266400E+01   0.369514E+03
  0.369165E-01   0.610712E+01   0.162677E+01   0.365054E+03
  0.380711E-01   0.290569E+02  -0.657316E+00   0.356151E+03
  0.396683E-01   0.543845E+02  -0.400619E+01   0.347580E+03
  0.414819E-01   0.770840E+02  -0.760188E+01   0.341012E+03
  0.433262E-01   0.954164E+02  -0.103894E+02   0.336278E+03
  0.450089E-01   0.108772E+03  -0.118943E+02   0.333060E+03
  0.464188E-01   0.117231E+03  -0.121450E+02   0.331046E+03
  0.475378E-01   0.121502E+03  -0.114497E+02   0.329962E+03
  0.483965E-01   0.122621E+03  -0.102387E+02   0.329560E+03
  0.490491E-01   0.121455E+03  -0.886582E+01   0.329651E+03
  0.495461E-01   0.118707E+03  -0.756985E+01   0.330100E+03
  0.499287E-01   0.114918E+03  -0.648253E+01   0.330812E+03
  0.502260E-01   0.110503E+03  -0.565201E+01   0.331728E+03
  0.504563E-01   0.105813E+03  -0.506242E+01   0.332808E+03
  0.506324E-01   0.101216E+03  -0.463473E+01   0.334026E+03
  0.507541E-01   0.970148E+02  -0.425055E+01   0.335366E+03
  0.508157E-01   0.934394E+02  -0.383463E+01   0.336806E+03
  0.508114E-01   0.905964E+02  -0.341134E+01   0.338327E+03
  0.462158E-01  -0.158994E+01   0.246108E+02   0.304306E+03
  0.452367E-01  -0.428084E+01   0.205074E+02   0.311381E+03
  0.446717E-01  -0.550546E+01   0.654006E+01   0.316219E+03
  0.444136E-01  -0.498785E+01  -0.264819E+01   0.318811E+03
  0.440319E-01  -0.359749E+01  -0.171933E+01   0.321711E+03
  0.433245E-01  -0.292167E+01   0.638424E+01   0.326241E+03
  0.427056E-01  -0.396812E+01   0.130631E+02   0.329930E+03
  0.420118E-01  -0.677046E+01   0.165110E+02   0.334187E+03
  0.412513E-01  -0.108822E+02   0.171977E+02   0.339061E+03
  0.405862E-01  -0.152360E+02   0.149764E+02   0.343659E+03
  0.401459E-01  -0.181876E+02   0.106892E+02   0.347206E+03
  0.399300E-01  -0.186081E+02   0.653546E+01   0.349313E+03
  0.398331E-01  -0.166620E+02   0.394314E+01   0.350283E+03
  0.396983E-01  -0.133863E+02   0.297068E+01   0.351099E+03
  0.394880E-01  -0.956004E+01   0.267785E+01   0.352235E+03
  0.392404E-01  -0.522657E+01   0.246407E+01   0.353560E+03
  0.389633E-01  -0.830459E-01   0.226032E+01   0.355025E+03
  0.386580E-01   0.608335E+01   0.212488E+01   0.356538E+03
  0.383334E-01   0.135251E+02   0.205203E+01   0.357940E+03
  0.380124E-01   0.227982E+02   0.198944E+01   0.358972E+03
  0.377785E-01   0.349539E+02   0.177301E+01   0.358945E+03
  0.377777E-01   0.518433E+02   0.999255E+00   0.356952E+03
  0.384149E-01   0.760028E+02  -0.735324E+00   0.350566E+03
  0.395835E-01   0.102136E+03  -0.350723E+01   0.342573E+03
  0.411757E-01   0.127088E+03  -0.705643E+01   0.334969E+03
  0.430551E-01   0.148516E+03  -0.106740E+02   0.328677E+03
  0.449961E-01   0.166069E+03  -0.133702E+02   0.323864E+03
  0.467749E-01   0.179287E+03  -0.145964E+02   0.320439E+03
  0.482588E-01   0.188168E+03  -0.143633E+02   0.318204E+03
  0.494256E-01   0.193206E+03  -0.130370E+02   0.316934E+03
  0.503133E-01   0.195205E+03  -0.111143E+02   0.316386E+03
  0.509822E-01   0.195006E+03  -0.897858E+01   0.316339E+03
  0.514904E-01   0.193353E+03  -0.688175E+01   0.316614E+03
  0.518849E-01   0.190837E+03  -0.496291E+01   0.317073E+03
  0.522013E-01   0.187903E+03  -0.328781E+01   0.317618E+03
  0.524669E-01   0.184879E+03  -0.189698E+01   0.318182E+03
  0.527055E-01   0.182022E+03  -0.778670E+00   0.318713E+03
  0.529276E-01   0.179421E+03   0.131756E+00   0.319197E+03
  0.531320E-01   0.177102E+03   0.885456E+00   0.319629E+03
  0.533125E-01   0.175080E+03   0.150037E+01   0.320007E+03
  0.458827E-01  -0.220127E+01   0.333347E+02   0.304186E+03
  0.451209E-01  -0.528726E+01   0.242995E+02   0.310600E+03
  0.448013E-01  -0.556086E+01   0.606433E+01   0.314263E+03
  0.447551E-01  -0.325960E+01  -0.510422E+01   0.315675E+03
  0.445339E-01  -0.245436E+00  -0.378886E+01   0.317632E+03
  0.436785E-01   0.155412E+01   0.587634E+01   0.323191E+03
  0.428636E-01   0.155431E+01   0.137796E+02   0.328257E+03
  0.420522E-01  -0.192857E+00   0.178393E+02   0.333369E+03
  0.412229E-01  -0.306999E+01   0.185997E+02   0.338759E+03
  0.405583E-01  -0.575090E+01   0.159080E+02   0.343371E+03
  0.401879E-01  -0.629670E+01   0.108086E+02   0.346397E+03
  0.401182E-01  -0.343981E+01   0.595787E+01   0.347309E+03
  0.402422E-01   0.253869E+01   0.303628E+01   0.346423E+03
  0.403025E-01   0.100370E+02   0.204490E+01   0.345591E+03
  0.402510E-01   0.180626E+02   0.180683E+01   0.345349E+03
  0.401552E-01   0.266619E+02   0.160794E+01   0.345325E+03
  0.400382E-01   0.362163E+02   0.137358E+01   0.345330E+03
  0.398977E-01   0.470718E+02   0.116956E+01   0.345301E+03
  0.397412E-01   0.597173E+02   0.968825E+00   0.345092E+03
  0.396008E-01   0.750331E+02   0.677679E+00   0.344378E+03
  0.396064E-01   0.945481E+02   0.129754E+00   0.342214E+03
  0.399186E-01   0.118167E+03  -0.101566E+01   0.337893E+03
  0.405747E-01   0.141957E+03  -0.301502E+01   0.332201E+03
  0.416834E-01   0.165928E+03  -0.598100E+01   0.325647E+03
  0.432655E-01   0.189627E+03  -0.972541E+01   0.319107E+03
  0.452124E-01   0.211754E+03  -0.134733E+02   0.313245E+03
  0.472672E-01   0.230446E+03  -0.161816E+02   0.308459E+03
  0.491526E-01   0.244392E+03  -0.172293E+02   0.304939E+03
  0.507041E-01   0.253546E+03  -0.166335E+02   0.302653E+03
  0.518970E-01   0.258718E+03  -0.148240E+02   0.301392E+03
  0.527826E-01   0.260964E+03  -0.123546E+02   0.300882E+03
  0.534338E-01   0.261202E+03  -0.965121E+01   0.300882E+03
  0.539171E-01   0.260134E+03  -0.699213E+01   0.301204E+03
  0.542845E-01   0.258272E+03  -0.453497E+01   0.301712E+03
  0.545749E-01   0.255993E+03  -0.236500E+01   0.302309E+03
  0.548244E-01   0.253591E+03  -0.550894E+00   0.302924E+03
  0.550552E-01   0.251174E+03   0.921351E+00   0.303533E+03
  0.552656E-01   0.248810E+03   0.214147E+01   0.304122E+03
  0.554523E-01   0.246625E+03   0.316406E+01   0.304660E+03
  0.556143E-01   0.244676E+03   0.401861E+01   0.305135E+03
  0.451698E-01  -0.186475E+01   0.417513E+02   0.303752E+03
  0.447785E-01  -0.239516E+01   0.250341E+02   0.309420E+03
  0.446430E-01   0.282648E+01   0.174086E+01   0.312622E+03
  0.447607E-01   0.114569E+02  -0.991676E+01   0.314159E+03
  0.448946E-01   0.163917E+02  -0.641957E+01   0.314968E+03
  0.444197E-01   0.169081E+02   0.520588E+01   0.317998E+03
  0.434828E-01   0.154191E+02   0.142004E+02   0.323621E+03
  0.424716E-01   0.125445E+02   0.186716E+02   0.329938E+03
  0.415003E-01   0.953080E+01   0.193397E+02   0.336201E+03
  0.407736E-01   0.819389E+01   0.160708E+02   0.341184E+03
  0.404625E-01   0.109299E+02   0.101274E+02   0.343670E+03
  0.405800E-01   0.189636E+02   0.464607E+01   0.343031E+03
  0.409371E-01   0.310156E+02   0.153169E+01   0.340277E+03
  0.412156E-01   0.444372E+02   0.651268E+00   0.337737E+03
  0.413527E-01   0.576263E+02   0.568960E+00   0.336005E+03
  0.414315E-01   0.710489E+02   0.451155E+00   0.334578E+03
  0.414949E-01   0.853660E+02   0.239531E+00   0.333130E+03
  0.415456E-01   0.100850E+03   0.140458E-01   0.331563E+03
  0.415974E-01   0.117860E+03  -0.245226E+00   0.329722E+03
  0.416735E-01   0.135836E+03  -0.646781E+00   0.327410E+03
  0.418089E-01   0.154803E+03  -0.134946E+01   0.324473E+03
  0.421318E-01   0.175364E+03  -0.260016E+01   0.320441E+03
  0.427814E-01   0.197737E+03  -0.472399E+01   0.315337E+03
  0.439083E-01   0.221936E+03  -0.790899E+01   0.309435E+03
  0.455817E-01   0.246999E+03  -0.119139E+02   0.303221E+03
  0.476745E-01   0.270000E+03  -0.158683E+02   0.297424E+03
  0.498379E-01   0.287528E+03  -0.186002E+02   0.292889E+03
  0.517365E-01   0.298654E+03  -0.194465E+02   0.289965E+03
  0.532228E-01   0.304730E+03  -0.184963E+02   0.288394E+03
  0.543175E-01   0.307482E+03  -0.162744E+02   0.287749E+03
  0.551064E-01   0.308208E+03  -0.133905E+02   0.287672E+03
  0.556766E-01   0.307734E+03  -0.102906E+02   0.287927E+03
  0.560968E-01   0.306559E+03  -0.725604E+01   0.288368E+03
  0.564167E-01   0.304986E+03  -0.444291E+01   0.288906E+03
  0.566726E-01   0.303189E+03  -0.193593E+01   0.289490E+03
  0.569007E-01   0.301224E+03   0.187932E+00   0.290106E+03
  0.571114E-01   0.299079E+03   0.196731E+01   0.290761E+03
  0.572928E-01   0.297010E+03   0.348270E+01   0.291380E+03
  0.574489E-01   0.295102E+03   0.476934E+01   0.291944E+03
  0.575816E-01   0.293405E+03   0.585418E+01   0.292439E+03
  0.432248E-01   0.641741E+01   0.403834E+02   0.304393E+03
  0.434021E-01   0.268922E+02   0.115081E+02   0.308867E+03
  0.439206E-01   0.582170E+02  -0.125154E+02   0.311499E+03
  0.449162E-01   0.774481E+02  -0.173090E+02   0.312066E+03
  0.454348E-01   0.799863E+02  -0.801427E+01   0.311980E+03
  0.453186E-01   0.723949E+02   0.660166E+01   0.312614E+03
  0.446405E-01   0.602911E+02   0.163266E+02   0.316265E+03
  0.435206E-01   0.477908E+02   0.204181E+02   0.322741E+03
  0.423049E-01   0.383172E+02   0.202064E+02   0.330125E+03
  0.414223E-01   0.351575E+02   0.157953E+02   0.335829E+03
  0.411427E-01   0.412070E+02   0.873986E+01   0.337801E+03
  0.414380E-01   0.567396E+02   0.259937E+01   0.335665E+03
  0.420388E-01   0.785309E+02  -0.490540E+00   0.331197E+03
  0.425037E-01   0.983736E+02  -0.974796E+00   0.327485E+03
  0.427998E-01   0.115165E+03  -0.722899E+00   0.324718E+03
  0.430118E-01   0.130095E+03  -0.654189E+00   0.322422E+03
  0.431845E-01   0.144505E+03  -0.770103E+00   0.320270E+03
  0.433295E-01   0.158993E+03  -0.948922E+00   0.318111E+03
  0.434578E-01   0.173965E+03  -0.118411E+01   0.315808E+03
  0.435935E-01   0.189846E+03  -0.157734E+01   0.313173E+03
  0.437875E-01   0.207198E+03  -0.231836E+01   0.309989E+03
  0.441543E-01   0.226697E+03  -0.367434E+01   0.305960E+03
  0.448642E-01   0.248939E+03  -0.596899E+01   0.300938E+03
  0.461031E-01   0.273711E+03  -0.938220E+01   0.295010E+03
  0.479171E-01   0.298238E+03  -0.136235E+02   0.288829E+03
  0.500603E-01   0.317474E+03  -0.177012E+02   0.283722E+03
  0.521223E-01   0.329039E+03  -0.203264E+02   0.280552E+03
  0.538199E-01   0.334314E+03  -0.208756E+02   0.279123E+03
  0.550809E-01   0.335765E+03  -0.195647E+02   0.278808E+03
  0.559747E-01   0.335277E+03  -0.170093E+02   0.279072E+03
  0.566067E-01   0.333950E+03  -0.138492E+02   0.279591E+03
  0.570632E-01   0.332340E+03  -0.105245E+02   0.280193E+03
  0.574046E-01   0.330684E+03  -0.730068E+01   0.280802E+03
  0.576706E-01   0.329073E+03  -0.431834E+01   0.281387E+03
  0.578897E-01   0.327517E+03  -0.164604E+01   0.281945E+03
  0.580941E-01   0.325818E+03   0.660459E+00   0.282532E+03
  0.582826E-01   0.324011E+03   0.265500E+01   0.283138E+03
  0.584400E-01   0.322313E+03   0.437735E+01   0.283696E+03
  0.585731E-01   0.320764E+03   0.585077E+01   0.284198E+03
  0.586844E-01   0.319398E+03   0.709918E+01   0.284635E+03
  0.354435E-01   0.534687E+02  -0.245980E+02   0.314230E+03
  0.414011E-01   0.158189E+03  -0.358927E+02   0.306044E+03
  0.454586E-01   0.202691E+03  -0.363095E+02   0.299503E+03
  0.473754E-01   0.222113E+03  -0.253854E+02   0.296213E+03
  0.476342E-01   0.211364E+03  -0.621640E+01   0.297407E+03
  0.471640E-01   0.187896E+03   0.122542E+02   0.300051E+03
  0.464108E-01   0.156797E+03   0.218113E+02   0.304584E+03
  0.451894E-01   0.125734E+03   0.243952E+02   0.311568E+03
  0.437618E-01   0.997086E+02   0.222720E+02   0.319888E+03
  0.426879E-01   0.870048E+02   0.157997E+02   0.326385E+03
  0.423968E-01   0.922055E+02   0.714744E+01   0.328131E+03
  0.428357E-01   0.112517E+03   0.375221E+00   0.325050E+03
  0.434920E-01   0.136524E+03  -0.237985E+01   0.320490E+03
  0.439763E-01   0.155422E+03  -0.229843E+01   0.316785E+03
  0.443091E-01   0.170599E+03  -0.167788E+01   0.313844E+03
  0.445673E-01   0.184048E+03  -0.141046E+01   0.311320E+03
  0.447847E-01   0.196940E+03  -0.141931E+01   0.308964E+03
  0.449705E-01   0.209809E+03  -0.153795E+01   0.306632E+03
  0.451361E-01   0.223061E+03  -0.174931E+01   0.304193E+03
  0.453076E-01   0.237260E+03  -0.215342E+01   0.301460E+03
  0.455437E-01   0.253174E+03  -0.294015E+01   0.298186E+03
  0.459664E-01   0.271643E+03  -0.438425E+01   0.294081E+03
  0.467606E-01   0.293071E+03  -0.681455E+01   0.288971E+03
  0.480862E-01   0.315876E+03  -0.104030E+02   0.283159E+03
  0.498901E-01   0.335580E+03  -0.148096E+02   0.277809E+03
  0.518799E-01   0.348082E+03  -0.188751E+02   0.274259E+03
  0.536876E-01   0.353102E+03  -0.212849E+02   0.272831E+03
  0.550959E-01   0.352932E+03  -0.215302E+02   0.272952E+03
  0.560909E-01   0.350232E+03  -0.199296E+02   0.273842E+03
  0.567724E-01   0.346821E+03  -0.171510E+02   0.274951E+03
  0.572509E-01   0.343598E+03  -0.138389E+02   0.276013E+03
  0.576029E-01   0.340882E+03  -0.104154E+02   0.276930E+03
  0.578757E-01   0.338688E+03  -0.712435E+01   0.277694E+03
  0.580974E-01   0.336921E+03  -0.409005E+01   0.278330E+03
  0.582876E-01   0.335449E+03  -0.136758E+01   0.278873E+03
  0.584731E-01   0.333961E+03   0.102435E+01   0.279412E+03
  0.586439E-01   0.332486E+03   0.313507E+01   0.279936E+03
  0.587857E-01   0.331158E+03   0.497380E+01   0.280401E+03
  0.589047E-01   0.329978E+03   0.655617E+01   0.280809E+03
  0.590031E-01   0.328956E+03   0.790307E+01   0.281158E+03
  0.592263E-01   0.366758E+03  -0.373110E+02   0.256606E+03
  0.574219E-01   0.381955E+03  -0.498652E+02   0.251649E+03
  0.564881E-01   0.393478E+03  -0.463152E+02   0.248429E+03
  0.556324E-01   0.401062E+03  -0.305821E+02   0.246876E+03
  0.546780E-01   0.400269E+03  -0.598606E+01   0.248288E+03
  0.533300E-01   0.370937E+03   0.184759E+02   0.258618E+03
  0.516224E-01   0.314291E+03   0.330567E+02   0.275514E+03
  0.488814E-01   0.247874E+03   0.345982E+02   0.292245E+03
  0.464741E-01   0.200961E+03   0.275449E+02   0.303575E+03
  0.449825E-01   0.174758E+03   0.173046E+02   0.311194E+03
  0.444901E-01   0.170191E+03   0.635974E+01   0.313727E+03
  0.447809E-01   0.182373E+03  -0.116198E+01   0.311598E+03
  0.452776E-01   0.199012E+03  -0.366571E+01   0.308152E+03
  0.456907E-01   0.213558E+03  -0.318898E+01   0.304987E+03
  0.459960E-01   0.225375E+03  -0.231869E+01   0.302375E+03
  0.462419E-01   0.235869E+03  -0.191889E+01   0.300088E+03
  0.464526E-01   0.246081E+03  -0.185461E+01   0.297913E+03
  0.466346E-01   0.256458E+03  -0.193143E+01   0.295730E+03
  0.467981E-01   0.267333E+03  -0.212580E+01   0.293430E+03
  0.469697E-01   0.279247E+03  -0.253848E+01   0.290836E+03
  0.472127E-01   0.292965E+03  -0.336202E+01   0.287699E+03
  0.476495E-01   0.309164E+03  -0.487541E+01   0.283769E+03
  0.484466E-01   0.327575E+03  -0.741933E+01   0.279017E+03
  0.497094E-01   0.345683E+03  -0.111538E+02   0.274055E+03
  0.513564E-01   0.359355E+03  -0.156138E+02   0.270130E+03
  0.530982E-01   0.365767E+03  -0.195625E+02   0.268272E+03
  0.546089E-01   0.365319E+03  -0.217317E+02   0.268486E+03
  0.557301E-01   0.360653E+03  -0.217175E+02   0.269975E+03
  0.564867E-01   0.354542E+03  -0.199104E+02   0.271874E+03
  0.569909E-01   0.348737E+03  -0.170072E+02   0.273660E+03
  0.573481E-01   0.343965E+03  -0.136436E+02   0.275135E+03
  0.576211E-01   0.340351E+03  -0.102181E+02   0.276275E+03
  0.578447E-01   0.337729E+03  -0.695110E+01   0.277133E+03
  0.580364E-01   0.335849E+03  -0.394986E+01   0.277779E+03
  0.582086E-01   0.334465E+03  -0.125724E+01   0.278282E+03
  0.583825E-01   0.333203E+03   0.114010E+01   0.278747E+03
  0.585430E-01   0.332062E+03   0.327838E+01   0.279168E+03
  0.586773E-01   0.331101E+03   0.515030E+01   0.279524E+03
  0.587895E-01   0.330287E+03   0.676737E+01   0.279824E+03
  0.588813E-01   0.329609E+03   0.814786E+01   0.280073E+03
  0.717506E-01   0.394504E+03  -0.254529E+02   0.251041E+03
  0.652150E-01   0.417426E+03  -0.382866E+02   0.241497E+03
  0.608167E-01   0.433646E+03  -0.390347E+02   0.234729E+03
  0.577605E-01   0.444968E+03  -0.267875E+02   0.230334E+03
  0.559243E-01   0.449492E+03  -0.304662E+01   0.228890E+03
  0.550976E-01   0.433765E+03   0.251741E+02   0.235366E+03
  0.542110E-01   0.393035E+03   0.452952E+02   0.250454E+03
  0.523682E-01   0.336908E+03   0.475716E+02   0.269202E+03
  0.498193E-01   0.283645E+03   0.360902E+02   0.285189E+03
  0.478314E-01   0.251385E+03   0.206510E+02   0.294567E+03
  0.470910E-01   0.242043E+03   0.663889E+01   0.297724E+03
  0.471925E-01   0.249180E+03  -0.196251E+01   0.296411E+03
  0.475627E-01   0.261722E+03  -0.450881E+01   0.293630E+03
  0.478836E-01   0.272612E+03  -0.380688E+01   0.291105E+03
  0.481049E-01   0.280771E+03  -0.275068E+01   0.289178E+03
  0.482740E-01   0.287745E+03  -0.225480E+01   0.287525E+03
  0.484185E-01   0.294697E+03  -0.214485E+01   0.285887E+03
  0.485443E-01   0.302047E+03  -0.219838E+01   0.284163E+03
  0.486592E-01   0.310054E+03  -0.238579E+01   0.282272E+03
  0.487883E-01   0.319173E+03  -0.281054E+01   0.280066E+03
  0.489925E-01   0.330024E+03  -0.367420E+01   0.277330E+03
  0.493808E-01   0.342913E+03  -0.526990E+01   0.273915E+03
  0.500947E-01   0.356998E+03  -0.792056E+01   0.269989E+03
  0.512083E-01   0.369729E+03  -0.117601E+02   0.266291E+03
  0.526092E-01   0.377395E+03  -0.161946E+02   0.264034E+03
  0.540272E-01   0.377746E+03  -0.199769E+02   0.264022E+03
  0.551909E-01   0.371777E+03  -0.218836E+02   0.265953E+03
  0.560001E-01   0.362514E+03  -0.216009E+02   0.268824E+03
  0.565125E-01   0.352875E+03  -0.195958E+02   0.271712E+03
  0.568441E-01   0.344570E+03  -0.165938E+02   0.274139E+03
  0.570877E-01   0.338161E+03  -0.132166E+02   0.275993E+03
  0.572895E-01   0.333577E+03  -0.982928E+01   0.277331E+03
  0.574685E-01   0.330464E+03  -0.663163E+01   0.278270E+03
  0.576322E-01   0.328416E+03  -0.370843E+01   0.278923E+03
  0.577865E-01   0.327067E+03  -0.108589E+01   0.279390E+03
  0.579464E-01   0.325977E+03   0.127607E+01   0.279787E+03
  0.580939E-01   0.325108E+03   0.339891E+01   0.280117E+03
  0.582179E-01   0.324451E+03   0.526493E+01   0.280377E+03
  0.583207E-01   0.323947E+03   0.688245E+01   0.280582E+03
  0.584036E-01   0.323565E+03   0.826714E+01   0.280743E+03
  0.777259E-01   0.392520E+03  -0.152750E+02   0.252112E+03
  0.694456E-01   0.419031E+03  -0.250872E+02   0.241253E+03
  0.627288E-01   0.440817E+03  -0.271015E+02   0.231923E+03
  0.577056E-01   0.457313E+03  -0.181387E+02   0.224817E+03
  0.547602E-01   0.466042E+03   0.239045E+01   0.221075E+03
  0.542883E-01   0.458505E+03   0.299294E+02   0.224241E+03
  0.549966E-01   0.429802E+03   0.517439E+02   0.235845E+03
  0.547508E-01   0.386055E+03   0.558923E+02   0.252611E+03
  0.529485E-01   0.341916E+03   0.437766E+02   0.268381E+03
  0.509512E-01   0.311100E+03   0.248146E+02   0.278778E+03
  0.499270E-01   0.300110E+03   0.770825E+01   0.282585E+03
  0.498159E-01   0.304695E+03  -0.224723E+01   0.281671E+03
  0.500577E-01   0.314441E+03  -0.503994E+01   0.279251E+03
  0.502704E-01   0.322335E+03  -0.419170E+01   0.277309E+03
  0.503877E-01   0.327609E+03  -0.297959E+01   0.276087E+03
  0.504550E-01   0.331859E+03  -0.241348E+01   0.275133E+03
  0.505020E-01   0.336189E+03  -0.228343E+01   0.274140E+03
  0.505363E-01   0.340971E+03  -0.233181E+01   0.273010E+03
  0.505647E-01   0.346417E+03  -0.252320E+01   0.271683E+03
  0.506094E-01   0.352879E+03  -0.296508E+01   0.270042E+03
  0.507251E-01   0.360781E+03  -0.386915E+01   0.267929E+03
  0.510089E-01   0.370178E+03  -0.553973E+01   0.265290E+03
  0.515722E-01   0.379980E+03  -0.826510E+01   0.262431E+03
  0.524594E-01   0.387528E+03  -0.121399E+02   0.260199E+03
  0.535480E-01   0.389390E+03  -0.165071E+02   0.259739E+03
  0.546000E-01   0.383849E+03  -0.200918E+02   0.261610E+03
  0.554045E-01   0.372466E+03  -0.217188E+02   0.265215E+03
  0.559147E-01   0.358663E+03  -0.211700E+02   0.269374E+03
  0.562096E-01   0.345539E+03  -0.189908E+02   0.273136E+03
  0.563996E-01   0.334777E+03  -0.159238E+02   0.276092E+03
  0.565567E-01   0.326776E+03  -0.125776E+02   0.278231E+03
  0.567047E-01   0.321272E+03  -0.928952E+01   0.279695E+03
  0.568525E-01   0.317697E+03  -0.621639E+01   0.280669E+03
  0.569973E-01   0.315487E+03  -0.341829E+01   0.281306E+03
  0.571387E-01   0.314164E+03  -0.904602E+00   0.281729E+03
  0.572860E-01   0.313241E+03   0.138457E+01   0.282057E+03
  0.574211E-01   0.312631E+03   0.345224E+01   0.282301E+03
  0.575348E-01   0.312262E+03   0.527567E+01   0.282473E+03
  0.576279E-01   0.312052E+03   0.686070E+01   0.282594E+03
  0.577015E-01   0.311951E+03   0.822096E+01   0.282675E+03
  0.804656E-01   0.387771E+03  -0.786742E+01   0.253639E+03
  0.716222E-01   0.415832E+03  -0.131613E+02   0.242417E+03
  0.635499E-01   0.441416E+03  -0.137461E+02   0.231551E+03
  0.571023E-01   0.462047E+03  -0.644427E+01   0.222413E+03
  0.531972E-01   0.474112E+03   0.101904E+02   0.216856E+03
  0.527135E-01   0.470782E+03   0.341384E+02   0.218075E+03
  0.546963E-01   0.448626E+03   0.549409E+02   0.227416E+03
  0.562610E-01   0.413605E+03   0.599925E+02   0.241920E+03
  0.556076E-01   0.378319E+03   0.485259E+02   0.255995E+03
  0.539090E-01   0.353300E+03   0.283635E+02   0.265636E+03
  0.527858E-01   0.344243E+03   0.906807E+01   0.269272E+03
  0.524547E-01   0.347790E+03  -0.221817E+01   0.268509E+03
  0.525050E-01   0.354912E+03  -0.535165E+01   0.266527E+03
  0.525842E-01   0.360374E+03  -0.441266E+01   0.265108E+03
  0.526060E-01   0.363717E+03  -0.307697E+01   0.264415E+03
  0.525833E-01   0.366235E+03  -0.245882E+01   0.264002E+03
  0.525339E-01   0.368821E+03  -0.231980E+01   0.263564E+03
  0.524664E-01   0.371775E+03  -0.237074E+01   0.263001E+03
  0.523898E-01   0.375268E+03  -0.257079E+01   0.262259E+03
  0.523242E-01   0.379557E+03  -0.303090E+01   0.261243E+03
  0.523162E-01   0.384894E+03  -0.396775E+01   0.259855E+03
  0.524468E-01   0.391100E+03  -0.568480E+01   0.258131E+03
  0.528032E-01   0.396874E+03  -0.845399E+01   0.256491E+03
  0.534073E-01   0.399481E+03  -0.123261E+02   0.255844E+03
  0.541414E-01   0.395733E+03  -0.165838E+02   0.257232E+03
  0.548126E-01   0.384414E+03  -0.199335E+02   0.260953E+03
  0.552726E-01   0.367663E+03  -0.212569E+02   0.266130E+03
  0.555190E-01   0.349343E+03  -0.204399E+02   0.271429E+03
  0.556443E-01   0.332783E+03  -0.180891E+02   0.275896E+03
  0.557335E-01   0.319669E+03  -0.149976E+02   0.279211E+03
  0.558364E-01   0.310251E+03  -0.117572E+02   0.281480E+03
  0.559609E-01   0.303979E+03  -0.863753E+01   0.282958E+03
  0.560972E-01   0.300055E+03  -0.573972E+01   0.283894E+03
  0.562348E-01   0.297750E+03  -0.310347E+01   0.284476E+03
  0.563693E-01   0.296479E+03  -0.726161E+00   0.284839E+03
  0.565066E-01   0.295742E+03   0.145846E+01   0.285091E+03
  0.566310E-01   0.295394E+03   0.343697E+01   0.285254E+03
  0.567351E-01   0.295308E+03   0.518621E+01   0.285349E+03
  0.568184E-01   0.295385E+03   0.671002E+01   0.285397E+03
  0.568823E-01   0.295557E+03   0.802052E+01   0.285410E+03
  0.814572E-01   0.385334E+03  -0.192315E+01   0.254431E+03
  0.723521E-01   0.414186E+03  -0.213096E+01   0.243004E+03
  0.635605E-01   0.441887E+03   0.399705E+00   0.231259E+03
  0.562902E-01   0.465072E+03   0.739518E+01   0.220828E+03
  0.517699E-01   0.479237E+03   0.199385E+02   0.214082E+03
  0.511631E-01   0.478198E+03   0.383865E+02   0.214176E+03
  0.540113E-01   0.459211E+03   0.559556E+02   0.222384E+03
  0.571306E-01   0.429521E+03   0.611779E+02   0.235242E+03
  0.577279E-01   0.401035E+03   0.509451E+02   0.247433E+03
  0.565507E-01   0.381624E+03   0.307267E+02   0.255722E+03
  0.554226E-01   0.375239E+03   0.102316E+02   0.258703E+03
  0.548707E-01   0.378606E+03  -0.204738E+01   0.257855E+03
  0.546952E-01   0.384094E+03  -0.548277E+01   0.256182E+03
  0.546329E-01   0.387997E+03  -0.450715E+01   0.255143E+03
  0.545755E-01   0.390124E+03  -0.309409E+01   0.254814E+03
  0.544838E-01   0.391569E+03  -0.244087E+01   0.254778E+03
  0.543521E-01   0.393040E+03  -0.229437E+01   0.254760E+03
  0.541878E-01   0.394758E+03  -0.234717E+01   0.254669E+03
  0.540022E-01   0.396831E+03  -0.255346E+01   0.254459E+03
  0.538134E-01   0.399418E+03  -0.302571E+01   0.254058E+03
  0.536591E-01   0.402598E+03  -0.398317E+01   0.253422E+03
  0.536040E-01   0.405961E+03  -0.572668E+01   0.252673E+03
  0.537150E-01   0.407995E+03  -0.850918E+01   0.252318E+03
  0.540024E-01   0.405870E+03  -0.123376E+02   0.253294E+03
  0.543682E-01   0.396625E+03  -0.164393E+02   0.256504E+03
  0.546730E-01   0.379546E+03  -0.195093E+02   0.261978E+03
  0.548278E-01   0.357388E+03  -0.204987E+02   0.268568E+03
  0.548711E-01   0.334540E+03  -0.193809E+02   0.274798E+03
  0.548824E-01   0.314667E+03  -0.168714E+02   0.279721E+03
  0.549254E-01   0.299582E+03  -0.138612E+02   0.283122E+03
  0.550259E-01   0.289157E+03  -0.108246E+02   0.285306E+03
  0.551592E-01   0.282441E+03  -0.793035E+01   0.286657E+03
  0.553034E-01   0.278373E+03  -0.524475E+01   0.287476E+03
  0.554446E-01   0.276083E+03  -0.279544E+01   0.287964E+03
  0.555777E-01   0.274917E+03  -0.573725E+00   0.288251E+03
  0.557075E-01   0.274392E+03   0.147986E+01   0.288427E+03
  0.558225E-01   0.274300E+03   0.334181E+01   0.288521E+03
  0.559169E-01   0.274482E+03   0.499059E+01   0.288554E+03
  0.559899E-01   0.274823E+03   0.642837E+01   0.288545E+03
  0.560434E-01   0.275247E+03   0.766635E+01   0.288509E+03
  0.811832E-01   0.386206E+03   0.377744E+01   0.254092E+03
  0.718288E-01   0.415802E+03   0.900120E+01   0.242300E+03
  0.628121E-01   0.444134E+03   0.152213E+02   0.230157E+03
  0.553233E-01   0.467861E+03   0.223140E+02   0.219313E+03
  0.505937E-01   0.482803E+03   0.309199E+02   0.212078E+03
  0.499455E-01   0.482953E+03   0.426593E+02   0.211653E+03
  0.533400E-01   0.465543E+03   0.553615E+02   0.219368E+03
  0.576151E-01   0.438949E+03   0.602512E+02   0.231157E+03
  0.593484E-01   0.415222E+03   0.516462E+02   0.241734E+03
  0.587932E-01   0.400234E+03   0.320988E+02   0.248656E+03
  0.577277E-01   0.396205E+03   0.111001E+02   0.250878E+03
  0.569376E-01   0.399782E+03  -0.180035E+01   0.249819E+03
  0.565095E-01   0.404392E+03  -0.547427E+01   0.248312E+03
  0.563006E-01   0.407316E+03  -0.451319E+01   0.247543E+03
  0.561745E-01   0.408634E+03  -0.306479E+01   0.247484E+03
  0.560284E-01   0.409354E+03  -0.238912E+01   0.247727E+03
  0.558265E-01   0.410051E+03  -0.223403E+01   0.248035E+03
  0.555730E-01   0.410868E+03  -0.228447E+01   0.248337E+03
  0.552807E-01   0.411845E+03  -0.249163E+01   0.248600E+03
  0.549647E-01   0.413034E+03  -0.296788E+01   0.248778E+03
  0.546534E-01   0.414336E+03  -0.393236E+01   0.248879E+03
  0.543961E-01   0.415094E+03  -0.568032E+01   0.249108E+03
  0.542447E-01   0.413555E+03  -0.844337E+01   0.250040E+03
  0.542095E-01   0.406777E+03  -0.121830E+02   0.252603E+03
  0.542227E-01   0.392013E+03  -0.160745E+02   0.257545E+03
  0.542020E-01   0.369060E+03  -0.188111E+02   0.264618E+03
  0.541174E-01   0.341365E+03  -0.194062E+02   0.272397E+03
  0.540320E-01   0.314016E+03  -0.179277E+02   0.279256E+03
  0.540053E-01   0.291477E+03  -0.153982E+02   0.284206E+03
  0.540812E-01   0.275254E+03  -0.126131E+02   0.287336E+03
  0.542254E-01   0.264452E+03  -0.985559E+01   0.289218E+03
  0.543920E-01   0.257669E+03  -0.722530E+01   0.290332E+03
  0.545560E-01   0.253661E+03  -0.477148E+01   0.290986E+03
  0.547064E-01   0.251486E+03  -0.252081E+01   0.291362E+03
  0.548405E-01   0.250473E+03  -0.466409E+00   0.291571E+03
  0.549639E-01   0.250163E+03   0.143723E+01   0.291683E+03
  0.550697E-01   0.250302E+03   0.316313E+01   0.291726E+03
  0.551537E-01   0.250714E+03   0.469108E+01   0.291718E+03
  0.552156E-01   0.251280E+03   0.602202E+01   0.291675E+03
  0.552579E-01   0.251917E+03   0.716734E+01   0.291608E+03
  0.795742E-01   0.390506E+03   0.102761E+02   0.252557E+03
  0.699756E-01   0.420630E+03   0.211901E+02   0.240278E+03
  0.612039E-01   0.448053E+03   0.310478E+02   0.228213E+03
  0.540818E-01   0.470628E+03   0.381850E+02   0.217688E+03
  0.496487E-01   0.484874E+03   0.424480E+02   0.210782E+03
  0.491655E-01   0.485354E+03   0.466104E+02   0.210397E+03
  0.528664E-01   0.469095E+03   0.534814E+02   0.217812E+03
  0.578707E-01   0.444549E+03   0.578216E+02   0.228793E+03
  0.605381E-01   0.423986E+03   0.511026E+02   0.238107E+03
  0.606296E-01   0.412135E+03   0.326908E+02   0.243890E+03
  0.596624E-01   0.409939E+03   0.117312E+02   0.245425E+03
  0.586158E-01   0.413907E+03  -0.148216E+01   0.244119E+03
  0.579069E-01   0.418061E+03  -0.535196E+01   0.242711E+03
  0.575356E-01   0.420289E+03  -0.445218E+01   0.242184E+03
  0.573355E-01   0.420944E+03  -0.300423E+01   0.242388E+03
  0.571337E-01   0.421030E+03  -0.231560E+01   0.242904E+03
  0.568618E-01   0.421039E+03  -0.214938E+01   0.243521E+03
  0.565201E-01   0.421043E+03  -0.219239E+01   0.244191E+03
  0.561225E-01   0.421015E+03  -0.239432E+01   0.244896E+03
  0.556804E-01   0.420899E+03  -0.286573E+01   0.245620E+03
  0.552124E-01   0.420404E+03  -0.382286E+01   0.246429E+03
  0.547536E-01   0.418606E+03  -0.555172E+01   0.247600E+03
  0.543470E-01   0.413488E+03  -0.825904E+01   0.249761E+03
  0.540114E-01   0.401969E+03  -0.118582E+02   0.253817E+03
  0.537156E-01   0.381503E+03  -0.154753E+02   0.260339E+03
  0.534347E-01   0.352420E+03  -0.178058E+02   0.268795E+03
  0.532034E-01   0.318992E+03  -0.178561E+02   0.277454E+03
  0.530793E-01   0.287925E+03  -0.161310E+02   0.284362E+03
  0.531320E-01   0.264198E+03  -0.138062E+02   0.288771E+03
  0.533008E-01   0.247858E+03  -0.113529E+02   0.291337E+03
  0.535119E-01   0.237184E+03  -0.891322E+01   0.292812E+03
  0.537184E-01   0.230558E+03  -0.655697E+01   0.293663E+03
  0.539034E-01   0.226700E+03  -0.433752E+01   0.294152E+03
  0.540624E-01   0.224674E+03  -0.228838E+01   0.294426E+03
  0.541967E-01   0.223821E+03  -0.409006E+00   0.294569E+03
  0.543132E-01   0.223700E+03   0.133241E+01   0.294636E+03
  0.544092E-01   0.224029E+03   0.290840E+01   0.294649E+03
  0.544824E-01   0.224628E+03   0.429899E+01   0.294622E+03
  0.545329E-01   0.225372E+03   0.550459E+01   0.294563E+03
  0.545639E-01   0.226181E+03   0.653847E+01   0.294484E+03
  0.759309E-01   0.397931E+03   0.191868E+02   0.249911E+03
  0.663918E-01   0.427814E+03   0.361385E+02   0.237196E+03
  0.585464E-01   0.452576E+03   0.487193E+02   0.225832E+03
  0.524868E-01   0.472318E+03   0.545993E+02   0.216451E+03
  0.489028E-01   0.484552E+03   0.534748E+02   0.210690E+03
  0.488217E-01   0.484751E+03   0.496319E+02   0.210782E+03
  0.526125E-01   0.469977E+03   0.505432E+02   0.217720E+03
  0.579343E-01   0.447450E+03   0.543849E+02   0.227781E+03
  0.613276E-01   0.429018E+03   0.496768E+02   0.236092E+03
  0.620622E-01   0.419204E+03   0.326781E+02   0.241017E+03
  0.612133E-01   0.418349E+03   0.121813E+02   0.241997E+03
  0.598925E-01   0.422766E+03  -0.108334E+01   0.240471E+03
  0.588645E-01   0.426591E+03  -0.511346E+01   0.239198E+03
  0.582983E-01   0.428132E+03  -0.432088E+01   0.238980E+03
  0.580005E-01   0.428038E+03  -0.290810E+01   0.239526E+03
  0.577260E-01   0.427373E+03  -0.221597E+01   0.240383E+03
  0.573732E-01   0.426571E+03  -0.203691E+01   0.241355E+03
  0.569388E-01   0.425647E+03  -0.206844E+01   0.242413E+03
  0.564379E-01   0.424511E+03  -0.225989E+01   0.243554E+03
  0.558777E-01   0.422991E+03  -0.271810E+01   0.244797E+03
  0.552665E-01   0.420602E+03  -0.365310E+01   0.246260E+03
  0.546273E-01   0.416127E+03  -0.533724E+01   0.248297E+03
  0.539986E-01   0.407263E+03  -0.794779E+01   0.251574E+03
  0.534122E-01   0.390769E+03  -0.113458E+02   0.256964E+03
  0.528735E-01   0.364266E+03  -0.146126E+02   0.264859E+03
  0.524329E-01   0.328627E+03  -0.163460E+02   0.274412E+03
  0.521535E-01   0.289982E+03  -0.158310E+02   0.283318E+03
  0.521555E-01   0.257587E+03  -0.141806E+02   0.289386E+03
  0.523661E-01   0.234236E+03  -0.122266E+02   0.292865E+03
  0.526433E-01   0.218319E+03  -0.101397E+02   0.294805E+03
  0.529166E-01   0.207874E+03  -0.801067E+01   0.295904E+03
  0.531555E-01   0.201366E+03  -0.591884E+01   0.296534E+03
  0.533554E-01   0.197599E+03  -0.393054E+01   0.296894E+03
  0.535190E-01   0.195674E+03  -0.208640E+01   0.297091E+03
  0.536513E-01   0.194945E+03  -0.391455E+00   0.297187E+03
  0.537600E-01   0.194974E+03   0.117632E+01   0.297228E+03
  0.538459E-01   0.195459E+03   0.258860E+01   0.297227E+03
  0.539085E-01   0.196211E+03   0.382458E+01   0.297194E+03
  0.539483E-01   0.197107E+03   0.488468E+01   0.297134E+03
  0.539687E-01   0.198062E+03   0.578656E+01   0.297055E+03
  0.683614E-01   0.405050E+03   0.327726E+02   0.246605E+03
  0.602609E-01   0.432445E+03   0.552228E+02   0.234322E+03
  0.545260E-01   0.452802E+03   0.679753E+02   0.224679E+03
  0.503763E-01   0.468801E+03   0.701166E+02   0.217283E+03
  0.482015E-01   0.478560E+03   0.623511E+02   0.213266E+03
  0.487118E-01   0.478623E+03   0.509728E+02   0.213922E+03
  0.523707E-01   0.466432E+03   0.467929E+02   0.219848E+03
  0.576579E-01   0.446922E+03   0.503634E+02   0.228482E+03
  0.616288E-01   0.430413E+03   0.476194E+02   0.235795E+03
  0.630196E-01   0.421984E+03   0.321769E+02   0.240041E+03
  0.623099E-01   0.422124E+03   0.124935E+02   0.240590E+03
  0.606986E-01   0.426949E+03  -0.584356E+00   0.238923E+03
  0.593033E-01   0.430256E+03  -0.473125E+01   0.237920E+03
  0.584979E-01   0.430838E+03  -0.409320E+01   0.238152E+03
  0.580702E-01   0.429700E+03  -0.275482E+01   0.239167E+03
  0.577024E-01   0.427992E+03  -0.207250E+01   0.240460E+03
  0.572599E-01   0.426110E+03  -0.188209E+01   0.241844E+03
  0.567361E-01   0.424012E+03  -0.190086E+01   0.243302E+03
  0.561461E-01   0.421545E+03  -0.207879E+01   0.244853E+03
  0.554916E-01   0.418424E+03  -0.251670E+01   0.246548E+03
  0.547710E-01   0.413947E+03  -0.341451E+01   0.248567E+03
  0.539966E-01   0.406593E+03  -0.502551E+01   0.251329E+03
  0.532044E-01   0.393749E+03  -0.749155E+01   0.255542E+03
  0.524384E-01   0.371951E+03  -0.106165E+02   0.262046E+03
  0.517528E-01   0.338885E+03  -0.133678E+02   0.271050E+03
  0.512611E-01   0.296581E+03  -0.142929E+02   0.281152E+03
  0.511374E-01   0.255981E+03  -0.135594E+02   0.289038E+03
  0.513790E-01   0.224759E+03  -0.122621E+02   0.293687E+03
  0.517525E-01   0.202327E+03  -0.107137E+02   0.296246E+03
  0.521176E-01   0.186678E+03  -0.895418E+01   0.297677E+03
  0.524347E-01   0.176164E+03  -0.710538E+01   0.298498E+03
  0.526938E-01   0.169508E+03  -0.526699E+01   0.298973E+03
  0.529010E-01   0.165637E+03  -0.351367E+01   0.299245E+03
  0.530648E-01   0.163692E+03  -0.188768E+01   0.299390E+03
  0.531930E-01   0.163019E+03  -0.395714E+00   0.299456E+03
  0.532933E-01   0.163164E+03   0.979497E+00   0.299482E+03
  0.533696E-01   0.163791E+03   0.220720E+01   0.299479E+03
  0.534225E-01   0.164697E+03   0.326428E+01   0.299448E+03
  0.534530E-01   0.165747E+03   0.415158E+01   0.299395E+03
  0.534643E-01   0.166854E+03   0.489438E+01   0.299323E+03
  0.528522E-01   0.394613E+03   0.518626E+02   0.245560E+03
  0.501533E-01   0.413273E+03   0.765536E+02   0.237989E+03
  0.482946E-01   0.430785E+03   0.849943E+02   0.231153E+03
  0.469965E-01   0.446304E+03   0.808673E+02   0.225580E+03
  0.467651E-01   0.456236E+03   0.664420E+02   0.222776E+03
  0.480039E-01   0.458482E+03   0.497345E+02   0.223140E+03
  0.513892E-01   0.451463E+03   0.424314E+02   0.226938E+03
  0.564762E-01   0.437740E+03   0.460391E+02   0.232974E+03
  0.610378E-01   0.424776E+03   0.450099E+02   0.238614E+03
  0.631861E-01   0.418280E+03   0.311927E+02   0.241937E+03
  0.626802E-01   0.419562E+03   0.126722E+02   0.242021E+03
  0.607933E-01   0.424828E+03   0.367251E-01   0.240266E+03
  0.590076E-01   0.427254E+03  -0.415319E+01   0.239670E+03
  0.579412E-01   0.426434E+03  -0.371965E+01   0.240467E+03
  0.573736E-01   0.423838E+03  -0.250634E+01   0.242020E+03
  0.569180E-01   0.420741E+03  -0.185660E+01   0.243765E+03
  0.564071E-01   0.417496E+03  -0.166312E+01   0.245521E+03
  0.558276E-01   0.414002E+03  -0.167271E+01   0.247292E+03
  0.551917E-01   0.410032E+03  -0.183722E+01   0.249125E+03
  0.544941E-01   0.405172E+03  -0.224894E+01   0.251115E+03
  0.537233E-01   0.398489E+03  -0.309307E+01   0.253499E+03
  0.528827E-01   0.388130E+03  -0.459704E+01   0.256764E+03
  0.520049E-01   0.371111E+03  -0.686131E+01   0.261659E+03
  0.511505E-01   0.343565E+03  -0.958136E+01   0.269010E+03
  0.504322E-01   0.303290E+03  -0.115005E+02   0.278709E+03
  0.501023E-01   0.257790E+03  -0.118413E+02   0.287857E+03
  0.503111E-01   0.219418E+03  -0.113218E+02   0.293750E+03
  0.507875E-01   0.190047E+03  -0.104366E+02   0.297073E+03
  0.512840E-01   0.168058E+03  -0.920833E+01   0.298941E+03
  0.517086E-01   0.152038E+03  -0.770694E+01   0.300018E+03
  0.520534E-01   0.140877E+03  -0.610800E+01   0.300651E+03
  0.523237E-01   0.133633E+03  -0.452324E+01   0.301021E+03
  0.525332E-01   0.129363E+03  -0.302503E+01   0.301232E+03
  0.526943E-01   0.127217E+03  -0.164921E+01   0.301342E+03
  0.528168E-01   0.126513E+03  -0.399305E+00   0.301385E+03
  0.529080E-01   0.126763E+03   0.743398E+00   0.301403E+03
  0.529743E-01   0.127565E+03   0.174675E+01   0.301402E+03
  0.530179E-01   0.128673E+03   0.258361E+01   0.301381E+03
  0.530401E-01   0.129931E+03   0.325505E+01   0.301338E+03
  0.530432E-01   0.131237E+03   0.379863E+01   0.301280E+03
  0.276291E-01   0.155832E+03   0.763481E+02   0.305501E+03
  0.338752E-01   0.241589E+03   0.858148E+02   0.289818E+03
  0.373636E-01   0.317091E+03   0.856607E+02   0.270731E+03
  0.399314E-01   0.365523E+03   0.765270E+02   0.256524E+03
  0.424398E-01   0.390587E+03   0.603291E+02   0.249243E+03
  0.448296E-01   0.403861E+03   0.436946E+02   0.245627E+03
  0.482701E-01   0.408495E+03   0.368514E+02   0.244695E+03
  0.534477E-01   0.407186E+03   0.412905E+02   0.245634E+03
  0.588556E-01   0.403171E+03   0.416740E+02   0.247618E+03
  0.619617E-01   0.401675E+03   0.295026E+02   0.248918E+03
  0.617945E-01   0.405362E+03   0.125095E+02   0.248115E+03
  0.597138E-01   0.411210E+03   0.655523E+00   0.246239E+03
  0.576320E-01   0.412602E+03  -0.340607E+01   0.245929E+03
  0.563902E-01   0.410191E+03  -0.318981E+01   0.247111E+03
  0.557590E-01   0.406037E+03  -0.215207E+01   0.248974E+03
  0.552927E-01   0.401556E+03  -0.156753E+01   0.250910E+03
  0.547934E-01   0.397037E+03  -0.138716E+01   0.252755E+03
  0.542383E-01   0.392283E+03  -0.139553E+01   0.254551E+03
  0.536338E-01   0.386971E+03  -0.154897E+01   0.256380E+03
  0.529675E-01   0.380531E+03  -0.192983E+01   0.258386E+03
  0.522201E-01   0.371778E+03  -0.270530E+01   0.260858E+03
  0.513875E-01   0.358468E+03  -0.407190E+01   0.264343E+03
  0.505054E-01   0.337082E+03  -0.603697E+01   0.269643E+03
  0.496555E-01   0.302973E+03  -0.808105E+01   0.277533E+03
  0.490970E-01   0.258587E+03  -0.922800E+01   0.286449E+03
  0.491782E-01   0.216316E+03  -0.950360E+01   0.293149E+03
  0.497045E-01   0.181265E+03  -0.931143E+01   0.297237E+03
  0.503506E-01   0.152919E+03  -0.869406E+01   0.299624E+03
  0.509315E-01   0.130367E+03  -0.765434E+01   0.301019E+03
  0.514014E-01   0.113196E+03  -0.633529E+01   0.301826E+03
  0.517695E-01   0.100793E+03  -0.496659E+01   0.302298E+03
  0.520520E-01   0.927434E+02  -0.365529E+01   0.302556E+03
  0.522663E-01   0.880827E+02  -0.244930E+01   0.302698E+03
  0.524269E-01   0.858368E+02  -0.136965E+01   0.302770E+03
  0.525449E-01   0.852373E+02  -0.417065E+00   0.302795E+03
  0.526280E-01   0.857681E+02   0.437947E+00   0.302815E+03
  0.526856E-01   0.869012E+02   0.116846E+01   0.302831E+03
  0.527215E-01   0.883420E+02   0.173742E+01   0.302832E+03
  0.527375E-01   0.899093E+02   0.214525E+01   0.302813E+03
  0.527345E-01   0.914850E+02   0.244771E+01   0.302780E+03
  0.284065E-01   0.407535E+02  -0.146086E+02   0.306503E+03
  0.307406E-01   0.120190E+03   0.349008E+02   0.306428E+03
  0.333578E-01   0.179084E+03   0.529625E+02   0.300556E+03
  0.356397E-01   0.228871E+03   0.530345E+02   0.292880E+03
  0.379610E-01   0.269858E+03   0.441220E+02   0.284907E+03
  0.403135E-01   0.299725E+03   0.328651E+02   0.278167E+03
  0.434859E-01   0.321136E+03   0.290727E+02   0.272963E+03
  0.485626E-01   0.338645E+03   0.347108E+02   0.268635E+03
  0.546562E-01   0.350460E+03   0.365930E+02   0.265876E+03
  0.587449E-01   0.359090E+03   0.266612E+02   0.263977E+03
  0.591273E-01   0.368223E+03   0.118985E+02   0.261438E+03
  0.571212E-01   0.376012E+03   0.128495E+01   0.258869E+03
  0.550557E-01   0.378514E+03  -0.253000E+01   0.257910E+03
  0.538694E-01   0.375968E+03  -0.254251E+01   0.258708E+03
  0.533286E-01   0.371169E+03  -0.171636E+01   0.260281E+03
  0.529700E-01   0.365977E+03  -0.121892E+01   0.261903E+03
  0.525844E-01   0.360776E+03  -0.106175E+01   0.263388E+03
  0.521431E-01   0.355321E+03  -0.107213E+01   0.264806E+03
  0.516480E-01   0.349208E+03  -0.121150E+01   0.266275E+03
  0.510837E-01   0.341733E+03  -0.154946E+01   0.267970E+03
  0.504311E-01   0.331478E+03  -0.221691E+01   0.270214E+03
  0.496875E-01   0.315663E+03  -0.332929E+01   0.273612E+03
  0.488815E-01   0.289783E+03  -0.477422E+01   0.279000E+03
  0.482310E-01   0.252699E+03  -0.607411E+01   0.286038E+03
  0.481114E-01   0.212279E+03  -0.690836E+01   0.292414E+03
  0.485704E-01   0.174828E+03  -0.733140E+01   0.296915E+03
  0.493128E-01   0.141659E+03  -0.730242E+01   0.299780E+03
  0.500771E-01   0.112847E+03  -0.675540E+01   0.301509E+03
  0.507212E-01   0.882877E+02  -0.581273E+01   0.302512E+03
  0.512365E-01   0.698000E+02  -0.467916E+01   0.302984E+03
  0.516381E-01   0.569064E+02  -0.358403E+01   0.303197E+03
  0.519380E-01   0.486427E+02  -0.260430E+01   0.303305E+03
  0.521560E-01   0.438678E+02  -0.175276E+01   0.303380E+03
  0.523117E-01   0.415586E+02  -0.103467E+01   0.303439E+03
  0.524186E-01   0.409300E+02  -0.454822E+00   0.303481E+03
  0.524864E-01   0.414710E+02   0.249861E-01   0.303531E+03
  0.525270E-01   0.427241E+02   0.404295E+00   0.303592E+03
  0.525493E-01   0.442732E+02   0.643414E+00   0.303642E+03
  0.525544E-01   0.459233E+02   0.732083E+00   0.303672E+03
  0.525408E-01   0.475476E+02   0.743414E+00   0.303686E+03
  0.323172E-01   0.622240E+01  -0.588316E+02   0.301743E+03
  0.327947E-01   0.303602E+02  -0.210696E+02   0.304453E+03
  0.332665E-01   0.772769E+02   0.123563E+02   0.306905E+03
  0.345843E-01   0.121566E+03   0.252180E+02   0.306005E+03
  0.362227E-01   0.155643E+03   0.250927E+02   0.303699E+03
  0.378559E-01   0.183569E+03   0.199541E+02   0.300609E+03
  0.401932E-01   0.209715E+03   0.194633E+02   0.297055E+03
  0.444846E-01   0.238065E+03   0.261547E+02   0.293010E+03
  0.503393E-01   0.265261E+03   0.293627E+02   0.288610E+03
  0.547400E-01   0.286817E+03   0.219800E+02   0.284452E+03
  0.554791E-01   0.304019E+03   0.100907E+02   0.280230E+03
  0.536675E-01   0.315772E+03   0.135846E+01   0.276570E+03
  0.517725E-01   0.320310E+03  -0.184870E+01   0.274534E+03
  0.507868E-01   0.318188E+03  -0.190382E+01   0.274366E+03
  0.504492E-01   0.313110E+03  -0.124489E+01   0.275061E+03
  0.502866E-01   0.307613E+03  -0.842190E+00   0.275833E+03
  0.500846E-01   0.302239E+03  -0.715633E+00   0.276512E+03
  0.498103E-01   0.296663E+03  -0.724985E+00   0.277198E+03
  0.494649E-01   0.290332E+03  -0.835705E+00   0.278034E+03
  0.490342E-01   0.282284E+03  -0.109540E+01   0.279211E+03
  0.485005E-01   0.270612E+03  -0.157800E+01   0.281068E+03
  0.478846E-01   0.252455E+03  -0.231671E+01   0.284046E+03
  0.473292E-01   0.226310E+03  -0.321293E+01   0.288185E+03
  0.471080E-01   0.194400E+03  -0.405921E+01   0.292729E+03
  0.473980E-01   0.160264E+03  -0.475937E+01   0.296709E+03
  0.481299E-01   0.126066E+03  -0.514568E+01   0.299666E+03
  0.490267E-01   0.921898E+02  -0.506146E+01   0.301646E+03
  0.499001E-01   0.619909E+02  -0.450086E+01   0.302661E+03
  0.506400E-01   0.379629E+02  -0.368305E+01   0.303017E+03
  0.512173E-01   0.206982E+02  -0.281690E+01   0.303071E+03
  0.516528E-01   0.927113E+01  -0.207505E+01   0.303053E+03
  0.519668E-01   0.230033E+01  -0.148002E+01   0.303069E+03
  0.521871E-01  -0.155080E+01  -0.101500E+01   0.303139E+03
  0.523406E-01  -0.331188E+01  -0.674987E+00   0.303233E+03
  0.524446E-01  -0.378458E+01  -0.464635E+00   0.303339E+03
  0.525101E-01  -0.345465E+01  -0.358815E+00   0.303459E+03
  0.525461E-01  -0.262311E+01  -0.349803E+00   0.303585E+03
  0.525589E-01  -0.148722E+01  -0.475391E+00   0.303702E+03
  0.525521E-01  -0.200973E+00  -0.754271E+00   0.303804E+03
  0.525252E-01   0.112335E+01  -0.108618E+01   0.303892E+03
  0.342854E-01  -0.472817E+01  -0.579941E+02   0.301247E+03
  0.343358E-01  -0.826271E+01  -0.348017E+02   0.303926E+03
  0.345191E-01   0.172401E+01  -0.105922E+02   0.306259E+03
  0.349404E-01   0.282315E+02   0.451565E+01   0.308833E+03
  0.359193E-01   0.570375E+02   0.974474E+01   0.309664E+03
  0.370971E-01   0.829195E+02   0.901238E+01   0.309028E+03
  0.389313E-01   0.110629E+03   0.105276E+02   0.307791E+03
  0.425780E-01   0.143106E+03   0.175358E+02   0.306490E+03
  0.478489E-01   0.176067E+03   0.214985E+02   0.304345E+03
  0.519264E-01   0.203953E+03   0.165071E+02   0.301036E+03
  0.525735E-01   0.225609E+03   0.764294E+01   0.296853E+03
  0.508406E-01   0.239778E+03   0.100793E+01   0.292630E+03
  0.491190E-01   0.245918E+03  -0.141616E+01   0.289539E+03
  0.483418E-01   0.244616E+03  -0.139488E+01   0.288175E+03
  0.482030E-01   0.239963E+03  -0.854359E+00   0.287779E+03
  0.482092E-01   0.234871E+03  -0.533078E+00   0.287648E+03
  0.481444E-01   0.229932E+03  -0.428399E+00   0.287607E+03
  0.479847E-01   0.224772E+03  -0.424924E+00   0.287709E+03
  0.477418E-01   0.218762E+03  -0.489562E+00   0.288042E+03
  0.474149E-01   0.210946E+03  -0.645478E+00   0.288722E+03
  0.470130E-01   0.199907E+03  -0.927563E+00   0.289912E+03
  0.465998E-01   0.184119E+03  -0.135491E+01   0.291762E+03
  0.463300E-01   0.162814E+03  -0.190746E+01   0.294218E+03
  0.464149E-01   0.136431E+03  -0.247480E+01   0.296929E+03
  0.469543E-01   0.105714E+03  -0.293998E+01   0.299412E+03
  0.478602E-01   0.719403E+02  -0.312327E+01   0.301254E+03
  0.489102E-01   0.399268E+02  -0.293244E+01   0.302203E+03
  0.498980E-01   0.133347E+02  -0.243316E+01   0.302450E+03
  0.507047E-01  -0.626356E+01  -0.184930E+01   0.302354E+03
  0.513066E-01  -0.184132E+02  -0.133858E+01   0.302228E+03
  0.517561E-01  -0.256861E+02  -0.951626E+00   0.302162E+03
  0.520803E-01  -0.298627E+02  -0.682353E+00   0.302186E+03
  0.523103E-01  -0.321032E+02  -0.510832E+00   0.302281E+03
  0.524708E-01  -0.331525E+02  -0.432623E+00   0.302416E+03
  0.525789E-01  -0.334924E+02  -0.454083E+00   0.302575E+03
  0.526493E-01  -0.334198E+02  -0.570355E+00   0.302746E+03
  0.526924E-01  -0.331106E+02  -0.791110E+00   0.302916E+03
  0.527142E-01  -0.326775E+02  -0.115590E+01   0.303078E+03
  0.527186E-01  -0.321999E+02  -0.166938E+01   0.303229E+03
  0.527090E-01  -0.317346E+02  -0.218785E+01   0.303366E+03
  0.354028E-01  -0.113998E+02  -0.435363E+02   0.301569E+03
  0.352336E-01  -0.297867E+02  -0.288065E+02   0.303689E+03
  0.354615E-01  -0.387996E+02  -0.135762E+02   0.305124E+03
  0.359325E-01  -0.369568E+02  -0.375914E+01   0.306506E+03
  0.366040E-01  -0.250760E+02   0.118395E+01   0.307847E+03
  0.374387E-01  -0.914774E+01   0.178531E+01   0.308566E+03
  0.388872E-01   0.140888E+02   0.349061E+01   0.309547E+03
  0.420445E-01   0.523809E+02   0.986728E+01   0.311252E+03
  0.468719E-01   0.974027E+02   0.140976E+02   0.311354E+03
  0.507145E-01   0.133388E+03   0.112490E+02   0.308932E+03
  0.512679E-01   0.157899E+03   0.525688E+01   0.305032E+03
  0.495332E-01   0.172229E+03   0.603552E+00   0.300711E+03
  0.478212E-01   0.177360E+03  -0.106377E+01   0.297496E+03
  0.470841E-01   0.175219E+03  -0.984698E+00   0.295848E+03
  0.469999E-01   0.170168E+03  -0.560146E+00   0.295102E+03
  0.470526E-01   0.165052E+03  -0.310896E+00   0.294683E+03
  0.470260E-01   0.160441E+03  -0.223888E+00   0.294411E+03
  0.469056E-01   0.155975E+03  -0.209371E+00   0.294286E+03
  0.467116E-01   0.151063E+03  -0.236299E+00   0.294341E+03
  0.464526E-01   0.144898E+03  -0.313763E+00   0.294630E+03
  0.461497E-01   0.136366E+03  -0.462217E+00   0.295232E+03
  0.458765E-01   0.124156E+03  -0.697675E+00   0.296227E+03
  0.457785E-01   0.106987E+03  -0.101137E+01   0.297610E+03
  0.460373E-01   0.841465E+02  -0.132379E+01   0.299186E+03
  0.467393E-01   0.572132E+02  -0.154249E+01   0.300551E+03
  0.477894E-01   0.290140E+02  -0.157717E+01   0.301406E+03
  0.489384E-01   0.372536E+01  -0.138911E+01   0.301685E+03
  0.499738E-01  -0.149380E+02  -0.105445E+01   0.301609E+03
  0.507985E-01  -0.268000E+02  -0.742955E+00   0.301434E+03
  0.514159E-01  -0.339892E+02  -0.523757E+00   0.301318E+03
  0.518745E-01  -0.382553E+02  -0.367135E+00   0.301285E+03
  0.522077E-01  -0.407629E+02  -0.272687E+00   0.301330E+03
  0.524481E-01  -0.422646E+02  -0.234278E+00   0.301431E+03
  0.526197E-01  -0.432241E+02  -0.255451E+00   0.301565E+03
  0.527402E-01  -0.439241E+02  -0.346942E+00   0.301718E+03
  0.528242E-01  -0.445218E+02  -0.512195E+00   0.301876E+03
  0.528820E-01  -0.450931E+02  -0.766320E+00   0.302030E+03
  0.529196E-01  -0.456756E+02  -0.114571E+01   0.302173E+03
  0.529427E-01  -0.462840E+02  -0.165112E+01   0.302303E+03
  0.529580E-01  -0.469009E+02  -0.214275E+01   0.302418E+03
  0.357452E-01  -0.150975E+02  -0.261036E+02   0.301525E+03
  0.355818E-01  -0.407436E+02  -0.176875E+02   0.302838E+03
  0.358994E-01  -0.578146E+02  -0.899356E+01   0.303331E+03
  0.364972E-01  -0.653084E+02  -0.361214E+01   0.303762E+03
  0.372733E-01  -0.650594E+02  -0.102813E+01   0.304352E+03
  0.381163E-01  -0.597781E+02  -0.945755E+00   0.305039E+03
  0.395378E-01  -0.480134E+02  -0.236293E+00   0.306374E+03
  0.425270E-01  -0.189808E+02   0.400946E+01   0.309048E+03
  0.470185E-01   0.308524E+02   0.782252E+01   0.311461E+03
  0.506282E-01   0.752691E+02   0.666731E+01   0.310111E+03
  0.510763E-01   0.104940E+03   0.316622E+01   0.306483E+03
  0.492430E-01   0.119607E+03   0.292061E+00   0.302646E+03
  0.473981E-01   0.122692E+03  -0.713041E+00   0.300191E+03
  0.465830E-01   0.118329E+03  -0.612340E+00   0.299019E+03
  0.464666E-01   0.112046E+03  -0.315850E+00   0.298464E+03
  0.465068E-01   0.106856E+03  -0.150019E+00   0.298110E+03
  0.464778E-01   0.102981E+03  -0.943530E-01   0.297848E+03
  0.463645E-01   0.997242E+02  -0.839123E-01   0.297680E+03
  0.461888E-01   0.963717E+02  -0.947075E-01   0.297627E+03
  0.459628E-01   0.921912E+02  -0.129819E+00   0.297712E+03
  0.457128E-01   0.862323E+02  -0.200134E+00   0.297978E+03
  0.455160E-01   0.773293E+02  -0.313240E+00   0.298469E+03
  0.455162E-01   0.643890E+02  -0.460546E+00   0.299178E+03
  0.458861E-01   0.470957E+02  -0.601078E+00   0.299977E+03
  0.466900E-01   0.268412E+02  -0.686209E+00   0.300631E+03
  0.478137E-01   0.647841E+01  -0.670901E+00   0.300980E+03
  0.489987E-01  -0.103290E+02  -0.548532E+00   0.301032E+03
  0.500445E-01  -0.215909E+02  -0.385032E+00   0.300934E+03
  0.508702E-01  -0.284237E+02  -0.254600E+00   0.300820E+03
  0.514870E-01  -0.324064E+02  -0.169019E+00   0.300760E+03
  0.519475E-01  -0.347131E+02  -0.110651E+00   0.300757E+03
  0.522861E-01  -0.360867E+02  -0.804275E-01   0.300803E+03
  0.525347E-01  -0.370074E+02  -0.760720E-01   0.300883E+03
  0.527161E-01  -0.377702E+02  -0.101478E+00   0.300984E+03
  0.528472E-01  -0.385556E+02  -0.165387E+00   0.301095E+03
  0.529427E-01  -0.394582E+02  -0.272874E+00   0.301208E+03
  0.530120E-01  -0.405110E+02  -0.438113E+00   0.301317E+03
  0.530614E-01  -0.417177E+02  -0.691257E+00   0.301415E+03
  0.530981E-01  -0.430541E+02  -0.103857E+01   0.301501E+03
  0.531321E-01  -0.444428E+02  -0.138516E+01   0.301573E+03
  0.355705E-01  -0.139867E+02  -0.122448E+02   0.301066E+03
  0.355508E-01  -0.380863E+02  -0.839527E+01   0.301812E+03
  0.360023E-01  -0.548108E+02  -0.428320E+01   0.301923E+03
  0.367065E-01  -0.634792E+02  -0.183322E+01   0.302007E+03
  0.375686E-01  -0.662164E+02  -0.763767E+00   0.302240E+03
  0.384919E-01  -0.659748E+02  -0.105115E+01   0.302602E+03
  0.400532E-01  -0.624424E+02  -0.105660E+01   0.303421E+03
  0.432562E-01  -0.469325E+02   0.979488E+00   0.305344E+03
  0.477586E-01  -0.105579E+02   0.352595E+01   0.307771E+03
  0.511861E-01   0.346583E+02   0.330447E+01   0.307460E+03
  0.513946E-01   0.648810E+02   0.158007E+01   0.304924E+03
  0.493118E-01   0.782755E+02   0.990277E-01   0.302302E+03
  0.472959E-01   0.790940E+02  -0.398572E+00   0.300815E+03
  0.464024E-01   0.734056E+02  -0.310479E+00   0.300131E+03
  0.462567E-01   0.674217E+02  -0.140985E+00   0.299774E+03
  0.462834E-01   0.634304E+02  -0.557473E-01   0.299517E+03
  0.462459E-01   0.609143E+02  -0.310731E-01   0.299316E+03
  0.461288E-01   0.589622E+02  -0.276440E-01   0.299178E+03
  0.459561E-01   0.569773E+02  -0.320960E-01   0.299108E+03
  0.457422E-01   0.544544E+02  -0.459521E-01   0.299114E+03
  0.455167E-01   0.507308E+02  -0.745163E-01   0.299215E+03
  0.453592E-01   0.449653E+02  -0.121295E+00   0.299433E+03
  0.454130E-01   0.363842E+02  -0.181851E+00   0.299761E+03
  0.458428E-01   0.248709E+02  -0.236044E+00   0.300134E+03
  0.466977E-01   0.115545E+02  -0.262906E+00   0.300430E+03
  0.478525E-01  -0.142078E+01  -0.244341E+00   0.300577E+03
  0.490473E-01  -0.114704E+02  -0.184591E+00   0.300586E+03
  0.500923E-01  -0.179307E+02  -0.118843E+00   0.300532E+03
  0.509137E-01  -0.216544E+02  -0.700084E-01   0.300478E+03
  0.515285E-01  -0.237074E+02  -0.411393E-01   0.300455E+03
  0.519903E-01  -0.248304E+02  -0.215718E-01   0.300463E+03
  0.523327E-01  -0.254634E+02  -0.122385E-01   0.300498E+03
  0.525866E-01  -0.258896E+02  -0.117315E-01   0.300552E+03
  0.527736E-01  -0.262823E+02  -0.218557E-01   0.300617E+03
  0.529100E-01  -0.267553E+02  -0.470424E-01   0.300688E+03
  0.530096E-01  -0.273772E+02  -0.898867E-01   0.300760E+03
  0.530819E-01  -0.281846E+02  -0.159215E+00   0.300829E+03
  0.531328E-01  -0.292038E+02  -0.275455E+00   0.300892E+03
  0.531707E-01  -0.304354E+02  -0.447644E+00   0.300946E+03
  0.532084E-01  -0.318031E+02  -0.625899E+00   0.300990E+03
  0.353226E-01  -0.976615E+01  -0.444563E+01   0.300596E+03
  0.354402E-01  -0.269431E+02  -0.310883E+01   0.301025E+03
  0.359925E-01  -0.388873E+02  -0.154108E+01   0.301088E+03
  0.367652E-01  -0.450128E+02  -0.652903E+00   0.301133E+03
  0.376782E-01  -0.472873E+02  -0.308358E+00   0.301253E+03
  0.386452E-01  -0.487031E+02  -0.586564E+00   0.301421E+03
  0.402942E-01  -0.496173E+02  -0.745878E+00   0.301805E+03
  0.437020E-01  -0.430038E+02   0.782186E-01   0.302803E+03
  0.484430E-01  -0.205810E+02   0.127670E+01   0.304281E+03
  0.518221E-01   0.127388E+02   0.133634E+01   0.304310E+03
  0.517803E-01   0.368027E+02   0.642949E+00   0.302944E+03
  0.494479E-01   0.462646E+02   0.138011E-01   0.301520E+03
  0.473000E-01   0.455966E+02  -0.182495E+00   0.300738E+03
  0.463590E-01   0.407725E+02  -0.127858E+00   0.300356E+03
  0.461962E-01   0.365918E+02  -0.505042E-01   0.300132E+03
  0.462111E-01   0.341802E+02  -0.159959E-01   0.299967E+03
  0.461632E-01   0.328147E+02  -0.784523E-02   0.299841E+03
  0.460388E-01   0.317893E+02  -0.736263E-02   0.299753E+03
  0.458634E-01   0.307369E+02  -0.899953E-02   0.299702E+03
  0.456523E-01   0.293721E+02  -0.136955E-01   0.299689E+03
  0.454365E-01   0.273036E+02  -0.237612E-01   0.299722E+03
  0.452973E-01   0.240198E+02  -0.406214E-01   0.299809E+03
  0.453773E-01   0.190515E+02  -0.623289E-01   0.299948E+03
  0.458367E-01   0.123595E+02  -0.802958E-01   0.300110E+03
  0.467157E-01   0.467191E+01  -0.868471E-01   0.300240E+03
  0.478836E-01  -0.264840E+01  -0.747511E-01   0.300306E+03
  0.490816E-01  -0.814968E+01  -0.509645E-01   0.300313E+03
  0.501247E-01  -0.115730E+02  -0.277926E-01   0.300292E+03
  0.509436E-01  -0.134523E+02  -0.123852E-01   0.300270E+03
  0.515577E-01  -0.144297E+02  -0.467322E-02   0.300263E+03
  0.520209E-01  -0.149277E+02   0.719961E-03   0.300271E+03
  0.523665E-01  -0.151808E+02   0.298988E-02   0.300293E+03
  0.526246E-01  -0.153394E+02   0.297404E-02   0.300323E+03
  0.528161E-01  -0.154922E+02   0.108638E-03   0.300360E+03
  0.529566E-01  -0.156999E+02  -0.720443E-02   0.300400E+03
  0.530593E-01  -0.160005E+02  -0.193119E-01   0.300441E+03
  0.531329E-01  -0.164197E+02  -0.396017E-01   0.300481E+03
  0.531831E-01  -0.169940E+02  -0.782678E-01   0.300518E+03
  0.532183E-01  -0.177550E+02  -0.141733E+00   0.300550E+03
  0.532529E-01  -0.186615E+02  -0.206951E+00   0.300578E+03
  0.351798E-01  -0.526110E+01  -0.118579E+01   0.300276E+03
  0.353796E-01  -0.146738E+02  -0.862020E+00   0.300498E+03
  0.359900E-01  -0.211005E+02  -0.405545E+00   0.300558E+03
  0.367999E-01  -0.241510E+02  -0.166049E+00   0.300601E+03
  0.377372E-01  -0.251647E+02  -0.792538E-01   0.300668E+03
  0.387184E-01  -0.263058E+02  -0.223299E+00   0.300747E+03
  0.404065E-01  -0.281533E+02  -0.337119E+00   0.300911E+03
  0.439401E-01  -0.261061E+02  -0.734594E-01   0.301329E+03
  0.488794E-01  -0.146945E+02   0.366432E+00   0.301978E+03
  0.522814E-01   0.386060E+01   0.425175E+00   0.302008E+03
  0.520722E-01   0.177455E+02   0.205829E+00   0.301422E+03
  0.495692E-01   0.227360E+02  -0.523900E-02   0.300800E+03
  0.473398E-01   0.218584E+02  -0.670242E-01   0.300446E+03
  0.463693E-01   0.190033E+02  -0.424984E-01   0.300256E+03
  0.461928E-01   0.168007E+02  -0.142964E-01   0.300138E+03
  0.461968E-01   0.156416E+02  -0.314788E-02   0.300052E+03
  0.461398E-01   0.150272E+02  -0.118146E-02   0.299989E+03
  0.460088E-01   0.145710E+02  -0.134681E-02   0.299945E+03
  0.458298E-01   0.140967E+02  -0.183884E-02   0.299917E+03
  0.456183E-01   0.134727E+02  -0.312844E-02   0.299907E+03
  0.454058E-01   0.125102E+02  -0.607168E-02   0.299915E+03
  0.452745E-01   0.109568E+02  -0.111657E-01   0.299945E+03
  0.453668E-01   0.858032E+01  -0.177017E-01   0.299997E+03
  0.458403E-01   0.536757E+01  -0.225808E-01   0.300059E+03
  0.467311E-01   0.168839E+01  -0.232732E-01   0.300111E+03
  0.479055E-01  -0.177081E+01  -0.176215E-01   0.300139E+03
  0.491053E-01  -0.432738E+01  -0.969508E-02   0.300145E+03
  0.501476E-01  -0.587905E+01  -0.298809E-02   0.300138E+03
  0.509654E-01  -0.669717E+01   0.744909E-03   0.300131E+03
  0.515795E-01  -0.710195E+01   0.199770E-02   0.300130E+03
  0.520439E-01  -0.729499E+01   0.300371E-02   0.300134E+03
  0.523919E-01  -0.738090E+01   0.325116E-02   0.300145E+03
  0.526529E-01  -0.742798E+01   0.312496E-02   0.300159E+03
  0.528478E-01  -0.747430E+01   0.247157E-02   0.300176E+03
  0.529915E-01  -0.754702E+01   0.804632E-03   0.300195E+03
  0.530972E-01  -0.766313E+01  -0.166863E-02   0.300214E+03
  0.531729E-01  -0.783237E+01  -0.572369E-02   0.300234E+03
  0.532238E-01  -0.807944E+01  -0.149566E-01   0.300252E+03
  0.532581E-01  -0.843857E+01  -0.322429E-01   0.300268E+03
  0.532909E-01  -0.889323E+01  -0.483042E-01   0.300282E+03
  0.351217E-01  -0.162978E+01  -0.178720E+00   0.300077E+03
  0.353654E-01  -0.456872E+01  -0.138744E+00   0.300148E+03
  0.360072E-01  -0.651435E+01  -0.611633E-01   0.300176E+03
  0.368374E-01  -0.734524E+01  -0.249325E-01   0.300196E+03
  0.377874E-01  -0.755390E+01  -0.110609E-01   0.300218E+03
  0.387733E-01  -0.794891E+01  -0.490028E-01   0.300243E+03
  0.404788E-01  -0.882824E+01  -0.847660E-01   0.300292E+03
  0.440809E-01  -0.856290E+01  -0.340323E-01   0.300398E+03
  0.491398E-01  -0.515138E+01   0.638342E-01   0.300553E+03
  0.525650E-01   0.693948E+00   0.829349E-01   0.300552E+03
  0.522629E-01   0.509759E+01   0.404990E-01   0.300405E+03
  0.496613E-01   0.657261E+01  -0.299188E-02   0.300246E+03
  0.473834E-01   0.618414E+01  -0.151016E-01   0.300148E+03
  0.463923E-01   0.526356E+01  -0.881904E-02   0.300090E+03
  0.462047E-01   0.460541E+01  -0.249764E-02   0.300054E+03
  0.462002E-01   0.428038E+01  -0.252709E-03   0.300028E+03
  0.461364E-01   0.411579E+01   0.768883E-05   0.300010E+03
  0.460007E-01   0.399390E+01  -0.900082E-04   0.299997E+03
  0.458187E-01   0.386576E+01  -0.182010E-03   0.299989E+03
  0.456061E-01   0.369545E+01  -0.401687E-03   0.299985E+03
  0.453946E-01   0.342943E+01  -0.948467E-03   0.299986E+03
  0.452667E-01   0.299509E+01  -0.193309E-02   0.299992E+03
  0.453646E-01   0.232510E+01  -0.319369E-02   0.300003E+03
  0.458450E-01   0.141633E+01  -0.403663E-02   0.300018E+03
  0.467417E-01   0.377277E+00  -0.385743E-02   0.300030E+03
  0.479199E-01  -0.592963E+00  -0.237107E-02   0.300038E+03
  0.491211E-01  -0.130173E+01  -0.691503E-03   0.300040E+03
  0.501634E-01  -0.172357E+01   0.527915E-03   0.300039E+03
  0.509808E-01  -0.193869E+01   0.104139E-02   0.300038E+03
  0.515951E-01  -0.204052E+01   0.104953E-02   0.300038E+03
  0.520603E-01  -0.208609E+01   0.111164E-02   0.300039E+03
  0.524097E-01  -0.210331E+01   0.106170E-02   0.300042E+03
  0.526727E-01  -0.211083E+01   0.100324E-02   0.300046E+03
  0.528698E-01  -0.211843E+01   0.906738E-03   0.300051E+03
  0.530158E-01  -0.213340E+01   0.676476E-03   0.300056E+03
  0.531236E-01  -0.216005E+01   0.412601E-03   0.300062E+03
  0.532014E-01  -0.219988E+01   0.396476E-04   0.300067E+03
  0.532535E-01  -0.226092E+01  -0.114899E-02   0.300072E+03
  0.532883E-01  -0.235921E+01  -0.385437E-02   0.300077E+03
  0.533210E-01  -0.249118E+01  -0.580780E-02   0.300081E+03
